100	371	343	149	98	256	206	-14.95	-74.39	-4.63	15663.53	-908.45	4364.81	-338.48	-386.34	1600.77
100	371	343	149	98	256	206	-15.70	-74.23	-4.86	15652.35	-968.83	4364.17	-327.26	-351.42	1615.63
101	371	343	149	98	256	207	-16.32	-74.15	-5.02	15627.53	-1010.79	4364.76	-351.15	-342.45	1613.55
101	370	343	149	99	255	206	-17.57	-74.17	-5.24	15614.16	-1067.85	4356.33	-455.39	-346.48	1603.12
101	371	343	149	98	256	206	-19.13	-74.15	-5.54	15646.25	-1151.66	4329.31	-510.62	-329.50	1588.02
100	371	343	149	98	256	207	-19.55	-74.00	-5.69	15747.54	-1202.87	4358.24	-498.39	-290.83	1554.37
100	371	343	149	98	255	207	-18.43	-73.97	-5.37	16048.16	-1143.73	4440.93	-539.07	-256.14	1486.50
100	371	343	149	98	256	206	-18.33	-74.05	-4.73	16640.15	-1017.54	4619.68	-1007.02	-225.98	1395.87
101	370	342	148	98	256	207	-21.70	-73.57	-5.29	17446.49	-1252.27	4872.30	-1646.67	-139.83	1175.63
100	369	343	148	98	257	208	-23.15	-72.59	-6.04	18212.52	-1558.05	5204.29	-1752.48	15.41	749.10
101	370	343	147	98	257	209	-22.38	-72.19	-5.75	18940.24	-1539.95	5416.87	-1761.01	151.54	204.49
102	370	343	148	98	259	212	-21.60	-72.12	-5.29	19546.23	-1445.95	5512.03	-1947.01	252.46	-362.88
102	370	343	148	98	261	215	-22.22	-72.00	-5.29	19881.52	-1475.05	5615.83	-2082.91	323.94	-859.24
102	370	343	149	98	262	223	-21.68	-71.59	-5.59	19801.84	-1571.10	5746.63	-1826.41	267.99	-1312.43
102	370	342	150	97	262	235	-17.79	-70.75	-5.02	19363.15	-1339.15	5767.70	-1549.99	61.74	-1601.11
101	370	341	150	97	262	248	-14.68	-70.49	-4.14	18630.99	-993.79	5826.72	-1838.59	-276.14	-1655.10
102	370	340	150	98	262	257	-16.15	-70.41	-4.27	17854.64	-976.50	5670.18	-2171.81	-667.39	-1518.54
102	370	340	150	96	260	263	-19.24	-65.10	-4.88	16849.11	-1076.87	5566.87	-2178.27	-997.07	-1400.87
102	370	341	150	96	258	267	-23.74	-61.53	-5.10	16049.65	-1070.83	5208.73	-1950.06	-1373.91	-1183.87
102	371	341	150	95	257	268	-9.34	-53.05	-5.20	15150.97	-1014.69	4918.89	-1720.70	-1558.12	-857.33
102	372	341	150	95	256	269	-16.25	-47.38	-5.86	14263.62	-1096.76	4619.15	-1558.57	-1751.16	-616.21
102	372	342	150	95	256	269	-23.57	-43.75	-6.75	13506.64	-1225.72	4262.39	-1412.39	-1790.00	-415.30
102	372	342	150	95	257	268	-29.95	-38.92	-7.74	12755.91	-1354.43	3921.87	-1168.72	-1568.65	-260.79
102	371	341	150	96	257	266	-37.38	-32.61	-8.41	11998.91	-1391.31	3580.78	-955.79	-1155.52	-123.90
102	371	342	149	96	257	263	-43.40	-26.06	-9.44	11253.37	-1481.54	3265.54	-757.05	-595.40	17.35
102	371	342	149	96	257	256	-47.47	-20.26	-10.58	10603.10	-1584.07	3004.26	-392.99	115.77	179.83
102	371	342	149	96	256	245	-48.35	-11.62	-11.24	9948.54	-1577.26	2847.25	206.81	931.19	398.79
102	371	342	149	97	254	230	-41.37	-3.68	-11.47	9266.71	-1480.80	2789.89	856.62	1632.63	739.05
102	372	342	149	97	255	219	-33.77	-1.74	-10.97	8813.58	-1311.76	2775.99	1409.03	2140.64	1229.75
102	372	343	149	98	254	208	-29.72	-3.85	-10.34	8747.50	-1201.97	2867.99	1736.68	2574.51	1904.96
101	371	343	149	98	253	196	-27.59	-6.19	-10.20	9083.92	-1241.87	3108.99	1983.85	2969.59	2863.21
101	371	344	149	98	251	189	-27.49	-7.99	-11.26	9516.33	-1494.58	3602.94	1879.21	3192.36	3889.85
102	368	344	148	98	248	185	-29.02	-10.62	-13.47	10152.91	-2018.05	4350.39	1482.80	3035.79	4857.36
101	368	343	148	97	246	182	-30.68	-14.05	-16.11	10967.67	-2737.55	5137.27	1151.01	2612.85	5747.44
101	367	343	147	97	246	182	-33.82	-19.02	-18.06	12025.68	-3479.87	5736.81	557.61	1870.11	6400.82
101	366	342	146	97	246	182	-37.35	-23.43	-20.95	13062.75	-4540.28	6257.97	4.78	1109.80	6684.13
101	366	342	145	97	245	182	-39.89	-26.99	-23.23	14047.96	-5554.66	6614.87	-251.91	536.21	6584.87
101	366	343	146	98	245	182	-41.04	-28.77	-24.78	14983.91	-6429.93	6913.33	-181.27	494.75	6059.58
101	366	343	146	98	247	185	-41.45	-30.50	-25.31	15873.07	-7017.03	7172.46	-8.95	521.76	5131.55
102	367	343	147	98	248	188	-42.44	-31.96	-25.37	16595.01	-7379.18	7321.24	-29.66	667.28	3948.97
102	368	344	148	98	250	192	-43.74	-33.12	-25.46	17006.66	-7605.62	7371.18	-128.37	872.61	2654.02
103	369	343	148	98	252	195	-45.41	-34.38	-25.64	17130.93	-7728.14	7279.82	-250.80	984.08	1359.57
103	369	341	148	98	254	198	-47.31	-35.77	-25.66	17004.78	-7675.73	7056.43	-360.51	1124.73	110.54
103	369	340	149	97	256	200	-50.18	-38.09	-25.45	16679.94	-7446.55	6769.61	-727.59	1157.79	-995.04
103	369	340	150	98	258	202	-51.28	-40.43	-25.16	16169.95	-7105.82	6459.33	-1225.21	1272.35	-1867.28
103	370	341	149	97	258	205	-50.49	-37.57	-25.42	15377.05	-6815.53	6254.76	-1447.00	1288.68	-2568.67
103	371	341	149	97	259	207	-43.28	-34.27	-25.12	14574.40	-6345.15	6063.42	-1268.70	1202.10	-3041.94
102	371	342	148	97	259	210	-36.60	-31.90	-24.64	13828.68	-5857.29	5902.65	-1136.71	1045.74	-3299.04