102	374	337	147	95	256	209	-29.32	-77.24	-7.78	15231.75	-1702.39	3253.62	-1103.20	-911.08	510.06
102	374	337	147	96	256	208	-30.01	-77.27	-7.88	15213.16	-1725.87	3228.74	-1090.89	-906.43	530.90
102	374	337	147	95	256	208	-30.56	-77.37	-7.96	15196.10	-1744.58	3208.10	-1077.80	-904.71	554.81
102	374	337	147	96	257	207	-32.11	-77.45	-8.15	15215.30	-1797.95	3181.50	-1085.46	-905.82	568.87
102	374	337	147	96	257	206	-33.85	-77.44	-8.44	15269.33	-1883.25	3153.82	-1054.53	-896.98	568.57
102	374	337	147	96	256	205	-35.81	-77.56	-8.61	15372.26	-1945.89	3078.93	-1006.46	-866.13	574.00
102	375	337	147	96	256	203	-38.37	-77.30	-8.96	15619.45	-2077.60	2990.79	-939.83	-768.28	578.10
102	374	337	146	96	256	202	-39.89	-76.80	-9.25	16089.48	-2232.12	2957.05	-780.54	-590.21	516.09
102	374	337	146	96	256	202	-40.67	-76.26	-9.17	16781.21	-2321.31	2935.79	-618.37	-328.85	383.39
102	373	337	146	96	256	202	-39.98	-75.04	-9.08	17543.95	-2416.64	3055.40	-456.95	54.19	160.32
102	373	337	145	96	255	204	-37.39	-73.23	-8.78	18260.95	-2436.81	3391.03	-171.75	514.73	-155.05
102	373	337	146	96	254	206	-33.37	-71.54	-8.04	18833.10	-2280.77	3850.28	156.59	849.70	-544.05
102	373	338	146	96	254	209	-29.58	-70.20	-7.19	19248.45	-2054.73	4333.37	369.06	1031.66	-966.09
103	373	338	146	96	255	213	-26.10	-69.47	-6.34	19453.83	-1793.60	4731.50	475.66	1012.23	-1369.49
103	373	338	147	96	256	220	-22.41	-69.20	-5.38	19428.13	-1466.92	5035.12	509.22	815.12	-1671.51
103	373	338	147	95	257	230	-18.62	-69.66	-4.50	19186.53	-1152.17	5148.77	448.16	458.21	-1826.69
103	373	338	147	95	258	239	-15.37	-70.34	-4.02	18722.80	-960.56	5105.53	319.25	118.70	-1811.05
103	372	337	147	94	258	247	-12.00	-71.06	-3.88	18043.66	-867.33	4935.65	404.59	-206.49	-1672.55
102	372	336	147	95	259	256	-20.78	-71.08	-4.12	17297.08	-889.97	4734.87	644.71	-594.16	-1506.82
103	372	336	147	94	258	261	-12.96	-64.91	-4.06	16410.82	-809.47	4505.53	856.68	-821.80	-1308.58
103	372	335	148	94	257	265	-2.65	-56.96	-3.90	15443.88	-697.00	4221.65	842.39	-958.56	-1053.70
103	372	336	147	94	256	267	-12.93	-50.15	-4.36	14494.49	-745.35	3880.97	667.92	-1037.33	-784.47
104	372	336	147	94	256	268	-21.37	-43.99	-5.16	13618.76	-867.28	3515.72	693.73	-913.87	-499.64
104	372	336	147	94	255	268	-30.04	-36.90	-5.66	12760.42	-899.11	3169.33	905.84	-576.52	-196.21
104	372	336	147	94	254	267	-39.04	-28.44	-5.96	11910.60	-875.56	2883.07	1062.30	-43.30	127.15
103	372	337	147	94	255	259	-47.00	-20.59	-6.50	11078.47	-891.18	2600.31	1091.03	484.07	428.69
104	372	337	146	95	254	246	-51.35	-14.73	-7.90	10396.35	-1063.02	2387.50	1078.78	1072.46	669.26
103	373	337	147	95	254	233	-53.68	-11.78	-9.31	9890.53	-1234.27	2250.12	1219.59	1625.99	928.89
103	374	337	146	95	254	222	-54.23	-12.06	-10.64	9625.80	-1413.56	2226.62	1321.31	2059.99	1206.65
103	374	337	147	95	255	210	-53.61	-13.24	-12.48	9643.31	-1728.48	2322.89	1506.00	2312.89	1503.62
103	374	338	147	95	254	198	-51.83	-15.09	-13.72	9793.95	-1976.46	2539.14	1761.90	2461.15	1810.24
103	373	338	147	96	253	190	-50.31	-17.68	-14.45	10017.25	-2162.23	2856.98	1772.05	2390.44	2100.37
103	373	339	147	96	252	184	-48.43	-20.99	-14.84	10455.19	-2349.12	3217.33	1801.15	2146.57	2499.30
103	372	338	147	96	252	181	-46.47	-24.96	-14.06	11119.63	-2369.27	3598.87	1593.14	1790.59	2979.64
103	372	337	146	95	250	180	-45.37	-29.15	-13.56	12006.85	-2482.00	4089.72	1288.58	1299.86	3496.66
103	371	337	145	95	247	180	-43.45	-33.32	-13.34	13044.85	-2680.30	4705.04	1269.91	707.07	4159.27
103	371	337	144	95	245	180	-42.06	-37.21	-13.77	14030.96	-3023.69	5347.99	1300.56	86.56	4726.81
103	371	337	144	95	245	179	-41.94	-40.74	-14.33	14967.76	-3404.30	5933.79	1096.68	-511.22	4767.52
103	371	337	144	95	246	182	-42.06	-43.05	-14.98	15857.72	-3821.29	6360.90	953.00	-742.00	4395.69
103	371	337	144	96	247	184	-41.81	-44.22	-15.51	16703.19	-4210.22	6642.05	1026.15	-649.50	3693.21
103	371	338	145	96	247	187	-41.48	-45.03	-15.75	17506.38	-4511.91	6855.75	1092.69	-424.43	2706.10
102	372	338	145	96	249	190	-41.30	-46.05	-15.66	18230.86	-4684.72	6937.56	1121.46	-202.76	1566.54
103	372	338	146	96	251	193	-41.04	-47.15	-15.49	18570.52	-4719.48	6903.08	1099.28	-1.82	421.17
103	373	337	146	95	253	197	-41.37	-49.30	-14.98	18538.79	-4538.71	6676.73	749.02	103.27	-624.54
102	374	336	147	95	254	201	-32.95	-51.44	-14.38	18264.05	-4264.57	6317.69	-53.98	204.66	-1518.86
102	374	335	147	95	256	207	-41.21	-53.16	-14.34	17596.45	-4080.34	5987.01	-759.93	306.02	-2217.97
102	375	335	147	94	256	212	-46.36	-46.87	-14.63	16672.03	-3933.12	5682.06	-1089.44	267.17	-2761.77
102	375	336	146	95	257	216	-31.60	-39.92	-14.80	15710.62	-3729.87	5324.16	-1047.96	157.41	-3053.83
102	374	337	146	94	258	220	-20.27	-34.96	-14.65	14803.89	-3450.77	4937.55	-1237.27	38.49	-3172.84
102	375	338	146	94	258	223	-29.24	-32.86	-15.07	14061.30	-3362.04	4612.67	-1473.70	-81.68	-3173.95