93	335	311	135	84	232	214	-33.55	-73.59	-10.93	15332.93	-2562.47	3728.34	193.71	151.57	-909.98
93	336	310	136	84	232	214	-33.50	-73.85	-10.80	15305.68	-2523.75	3692.52	102.43	111.30	-909.28
93	336	310	135	84	233	214	-34.93	-74.46	-10.73	15313.80	-2506.56	3618.90	-57.25	22.68	-897.77
94	336	310	135	84	235	214	-37.23	-74.76	-10.91	15428.71	-2575.63	3542.15	-188.08	-42.60	-899.28
93	336	311	135	85	236	213	-38.01	-74.75	-11.06	15639.07	-2659.45	3549.84	-181.58	-48.72	-926.02
93	336	311	135	84	237	212	-37.12	-74.66	-10.85	15965.72	-2662.88	3640.15	-139.10	-19.14	-999.31
93	336	311	135	84	238	212	-35.32	-74.48	-10.33	16417.63	-2599.13	3805.94	-134.60	25.82	-1130.95
93	336	311	136	84	238	211	-33.11	-73.94	-9.74	16904.55	-2511.38	4016.05	-91.22	126.53	-1268.10
93	335	311	136	86	239	211	-29.92	-73.19	-8.98	17380.12	-2361.41	4326.84	98.60	173.95	-1396.05
93	335	312	136	84	239	212	-25.98	-72.05	-8.09	17742.12	-2142.14	4661.10	413.32	336.35	-1458.84
93	335	312	135	84	240	214	-22.69	-71.18	-7.36	17983.81	-1948.83	4906.25	604.90	460.89	-1482.05
93	335	312	136	85	242	218	-21.47	-70.85	-7.19	18276.42	-1932.59	5059.33	698.20	531.59	-1512.55
93	335	312	136	85	243	220	-20.91	-70.47	-7.25	18520.20	-1981.36	5133.77	871.14	649.21	-1540.82
93	335	312	136	85	244	223	-20.04	-70.25	-7.17	18632.19	-1968.89	5133.28	1028.29	776.25	-1567.53
93	335	312	136	85	246	227	-19.56	-70.17	-7.08	18642.78	-1940.65	5131.01	1037.87	844.74	-1581.20
94	335	312	136	85	247	230	-18.88	-70.12	-7.05	18512.64	-1914.21	5169.86	1034.33	807.55	-1585.44
94	335	311	136	85	247	235	-16.56	-69.65	-6.71	18225.41	-1773.30	5256.97	1067.41	720.33	-1528.62
95	336	311	136	85	247	241	-14.28	-68.85	-6.17	17761.94	-1552.04	5372.12	948.79	487.36	-1440.69
95	336	310	136	84	247	249	-11.96	-68.90	-5.69	17220.04	-1349.44	5370.72	781.00	68.14	-1264.46
95	336	310	137	84	247	255	-11.40	-70.38	-5.58	16576.84	-1254.76	5205.78	561.00	-432.57	-1013.73
95	336	310	137	85	246	260	-16.85	-72.58	-5.69	15946.00	-1222.23	4936.29	331.40	-855.79	-714.90
95	336	311	137	84	246	263	-22.66	-70.82	-6.40	15257.30	-1342.52	4667.88	268.83	-1195.20	-454.60
95	336	312	137	84	246	263	-29.96	-70.09	-6.88	14637.03	-1394.39	4323.68	373.74	-1510.14	-226.62
95	336	311	137	84	246	263	-37.77	-68.37	-7.42	14036.58	-1452.47	3931.30	422.30	-1690.78	-46.19
95	336	311	137	84	246	260	-45.13	-65.38	-8.24	13463.75	-1568.85	3511.73	333.39	-1653.34	70.22
95	336	311	137	85	248	255	-51.88	-62.16	-9.34	12972.96	-1746.80	3060.35	228.37	-1443.23	110.26
95	336	312	137	85	248	251	-57.37	-58.72	-10.63	12571.91	-1964.26	2635.33	244.00	-1010.36	129.20
95	336	312	137	85	248	247	-60.93	-55.34	-11.85	12193.72	-2156.05	2333.96	465.10	-440.50	143.99
95	336	312	137	85	248	242	-63.64	-52.92	-12.83	11851.23	-2289.25	2152.87	592.35	141.53	131.84
95	336	312	136	86	249	235	-64.38	-50.48	-14.01	11554.87	-2466.19	2099.62	668.63	672.10	96.34
95	337	313	136	85	250	227	-63.59	-49.11	-14.77	11381.73	-2580.68	2126.44	792.80	1169.15	84.18
96	337	312	137	85	249	216	-61.22	-47.54	-15.32	11259.44	-2660.24	2288.12	917.36	1632.29	102.27
96	337	312	136	86	249	207	-57.64	-46.55	-15.73	11171.47	-2719.43	2529.71	1232.34	1870.43	168.25
95	337	312	137	86	249	199	-52.65	-46.61	-15.56	11217.29	-2697.06	2800.23	1715.57	1939.35	280.34
95	337	313	137	86	250	193	-45.82	-47.16	-13.25	11472.23	-2289.61	3060.22	1841.89	1935.99	463.92
95	338	313	137	86	249	189	-42.74	-48.38	-11.64	11802.22	-2029.93	3369.00	1430.85	1799.44	753.68
95	338	313	137	86	250	188	-41.80	-49.86	-11.80	12212.11	-2149.23	3740.55	1221.16	1517.02	1056.99
95	337	313	137	86	250	189	-38.46	-52.07	-11.14	12728.70	-2107.57	4098.93	1366.55	1139.11	1410.25
95	337	313	137	86	250	189	-36.00	-54.66	-10.05	13353.27	-1973.99	4360.58	1167.47	706.11	1809.13
95	338	313	136	86	250	189	-36.74	-57.14	-10.15	14015.80	-2117.09	4589.15	751.75	260.80	2176.33
95	337	314	137	88	251	190	-37.75	-58.89	-11.10	14736.61	-2491.84	4844.29	588.11	-105.44	2409.86
95	337	314	137	87	251	190	-37.55	-60.32	-11.79	15484.98	-2828.24	5068.28	733.90	-358.47	2484.57
94	337	314	137	87	251	190	-37.08	-61.52	-11.99	16285.33	-3054.43	5250.27	875.11	-499.49	2400.39
94	337	314	137	87	251	191	-36.21	-61.98	-12.10	17086.27	-3259.11	5480.15	1042.00	-453.27	2184.57
95	337	315	137	87	251	192	-34.39	-61.86	-11.98	17741.95	-3362.35	5737.34	1314.25	-277.55	1860.44
95	337	315	137	86	251	195	-32.42	-61.69	-11.87	18234.66	-3429.44	5959.48	1611.79	-101.83	1397.07
95	338	315	137	87	251	198	-30.94	-61.60	-11.93	18578.33	-3523.96	6155.50	1859.45	17.42	814.47
95	338	315	137	87	253	199	-29.36	-61.72	-11.83	18780.61	-3530.37	6236.53	2101.78	133.49	222.04
95	338	315	137	87	253	204	-28.79	-61.99	-11.78	18728.98	-3502.85	6177.90	2179.24	248.87	-345.31
95	338	314	137	87	254	207	-32.76	-62.82	-11.85	18484.13	-3474.11	5887.41	2048.88	319.03	-909.99
95	339	313	137	87	256	209	-40.89	-62.62	-11.98	18009.72	-3417.60	5457.04	1774.13	437.17	-1405.59