144	572	547	227	200	270	226	-140.84	70.25	-10.76	-25093.92	-4313.77	-14631.87	24327.64	24638.99	-21275.41
144	572	548	228	200	267	224	-138.01	73.02	-11.37	-25477.62	-4508.48	-15086.28	24749.61	25045.39	-21850.04
138	573	549	228	202	262	215	-132.79	77.49	-12.31	-25638.34	-4884.66	-15672.16	25150.48	25431.47	-22395.94
140	573	549	229	202	258	202	-127.08	80.72	-13.64	-25665.83	-5462.62	-15983.35	25527.45	25585.79	-22914.54
142	573	548	230	202	255	194	-122.24	84.32	-14.70	-25497.13	-5978.89	-16178.19	25727.38	25944.85	-23407.22
143	574	548	230	202	252	191	-116.76	87.55	-15.42	-25062.28	-6422.15	-16138.08	26073.41	26285.96	-23875.25
143	575	550	230	203	248	191	-111.80	89.67	-163.50	-24529.56	-7031.64	-16444.77	26408.09	26610.01	-24319.89
145	577	551	231	203	244	193	-107.32	90.96	-162.16	-23903.89	-7465.06	-16592.13	26726.04	26727.31	-24742.30
146	578	551	231	203	240	191	-104.78	90.43	-161.37	-23237.09	-7611.20	-16634.53	26764.53	26374.50	-25143.58
147	579	552	232	204	237	191	-103.89	92.58	-160.99	-22579.83	-7559.44	-16343.00	26421.21	26507.52	-25448.70
148	579	552	232	204	232	189	-102.25	92.88	-161.30	-22090.24	-7258.27	-15749.25	26287.40	25649.50	-25696.57
149	579	552	232	204	229	189	-83.03	92.08	-162.17	-21417.73	-6661.76	-15193.79	25765.73	24876.67	-25459.69
150	578	552	232	204	227	188	-69.81	90.23	-163.57	-20893.44	-5927.07	-14479.10	24731.84	23864.34	-24844.81
151	578	552	233	203	225	189	-59.70	85.03	-164.98	-20389.37	-5226.72	-13636.74	23514.10	22027.87	-23929.37
152	576	551	233	202	224	190	-51.07	77.53	-166.51	-20020.50	-4550.78	-12768.31	22358.29	19596.33	-22517.85
152	572	548	232	201	224	192	-41.34	70.23	-167.85	-19725.48	-3987.04	-12154.69	21217.78	16978.11	-20359.70
154	567	547	233	202	228	193	-29.18	64.20	-168.63	-19544.80	-3663.89	-11732.96	19607.99	14490.80	-17703.37
154	566	545	233	202	232	192	-37.85	59.23	-167.99	-19359.16	-3856.50	-11327.31	17914.39	12500.81	-15179.85
154	566	543	232	202	234	189	-45.96	53.40	-166.47	-19378.60	-4411.67	-11227.94	16459.82	10580.47	-12782.51
155	569	544	231	202	237	191	-54.31	51.26	-163.91	-19547.87	-5401.29	-11192.75	14717.18	9734.05	-10505.03
153	576	537	225	204	259	211	67.52	51.96	146.02	-12569.54	9029.69	3692.93	-844.86	-414.73	600.80
153	576	537	225	204	259	210	67.54	51.92	146.04	-12547.46	9010.41	3684.28	-874.21	-431.54	621.76
152	576	537	225	204	259	209	67.81	51.94	146.11	-12509.09	8960.09	3635.87	-859.75	-460.11	688.17
153	576	537	225	204	260	209	68.35	52.22	146.22	-12426.43	8869.49	3514.67	-913.02	-442.81	749.46
152	576	537	225	205	260	210	70.74	53.07	146.48	-12296.11	8698.41	3239.34	-1061.46	-323.42	791.09
150	576	537	225	205	262	211	77.06	54.52	147.19	-12170.91	8393.29	2741.37	-1167.39	-108.80	835.58
148	574	537	225	205	263	211	60.24	54.56	148.88	-12125.76	7856.63	2012.90	-1028.62	90.44	814.05
146	573	538	226	205	264	211	48.02	55.36	151.83	-12218.07	7057.39	1314.06	-352.79	522.72	672.05
144	571	540	226	205	265	212	38.27	56.76	155.21	-12476.77	6251.52	488.36	811.55	1107.78	66.00
142	569	541	226	205	265	215	29.11	60.00	158.83	-13132.73	5550.95	-423.86	2042.37	2071.79	-1107.55
143	568	543	227	205	263	218	20.76	64.50	162.08	-13901.69	4938.20	-1344.07	3265.85	3303.81	-2690.57
143	569	544	228	205	261	222	13.88	70.21	165.56	-14845.01	4242.09	-2095.87	4547.11	4776.96	-4194.45
143	572	546	229	205	261	224	8.17	74.83	169.05	-15741.16	3443.79	-3232.67	5958.10	6176.47	-5623.12
142	573	547	230	205	260	222	3.31	78.40	173.40	-16592.50	2291.20	-4565.24	7298.55	7467.74	-6980.37
142	574	548	231	205	254	216	-1.02	82.04	177.11	-17401.28	1229.64	-5634.58	8571.97	8732.71	-8269.75
143	575	548	232	206	248	207	-4.88	85.64	-179.62	-18169.61	210.35	-6588.65	9781.72	9934.42	-9494.66
144	576	548	231	206	243	197	-8.79	88.61	-177.11	-18766.93	-632.36	-7561.61	10930.99	11076.05	-10658.33
144	578	549	232	206	240	194	-11.67	91.31	-173.98	-19148.99	-1721.74	-8498.73	12022.79	12160.60	-11763.81
144	579	550	232	206	237	192	-14.28	94.31	-171.96	-19501.54	-2467.06	-9241.60	13060.00	13190.91	-12814.02
144	579	550	232	206	232	193	-17.44	96.56	-170.77	-19524.06	-2895.30	-9768.12	14045.35	14055.62	-13811.72
145	580	550	233	206	226	193	-21.12	98.41	-170.38	-19464.26	-3021.54	-9978.51	14951.68	14641.64	-14759.54
146	580	550	233	206	221	192	-2.14	99.03	-170.85	-19326.04	-2835.46	-10052.78	15649.99	14823.76	-15321.91
146	580	550	233	206	216	190	11.21	98.68	-172.31	-19213.54	-2305.49	-9917.34	15920.44	14775.82	-15426.01
148	580	550	233	206	212	189	20.33	96.98	-174.40	-19017.26	-1566.81	-9703.28	15615.97	14511.98	-15038.31
149	580	550	233	206	209	189	25.95	92.98	-176.70	-18874.00	-773.07	-9296.11	14872.12	13648.38	-14211.75
150	579	549	234	206	208	191	29.63	86.58	-178.80	-18764.30	-66.02	-8889.91	13793.82	12081.86	-12739.01
151	579	548	234	203	211	192	32.51	79.23	-179.47	-18586.68	158.48	-8860.61	12380.83	9890.07	-10602.16
151	578	547	234	205	217	193	37.91	71.88	-179.74	-18528.15	247.16	-8833.98	10602.58	7757.16	-8433.70
150	573	545	232	205	225	192	20.73	64.67	-178.30	-18554.54	-228.40	-8837.88	8686.70	5730.91	-6373.66
148	573	543	231	205	231	190	6.10	59.56	-175.56	-18547.62	-1131.58	-8976.19	7029.07	4339.96	-4416.63
148	574	545	230	204	235	192	-9.38	58.02	-171.15	-18504.04	-2600.40	-9663.18	5047.22	4106.51	-2557.45
148	576	546	229	204	237	202	-19.89	52.12	-168.63	-18738.84	-3502.38	-9845.82	4111.91	2605.04	-791.23