91	536	445	96	89	273	184	-17.34	-79.78	-4.23	16142.98	-835.83	2731.68	291.96	410.75	853.43
92	536	444	207	94	285	183	-17.10	-79.75	-4.21	16156.03	-832.44	2733.50	322.71	423.66	858.11
92	535	451	147	88	281	184	-16.43	-79.59	-4.15	16164.43	-815.82	2746.62	345.97	436.28	871.41
91	534	445	83	89	275	184	-16.56	-79.33	-4.20	16183.81	-831.43	2786.49	316.27	444.57	899.44
93	535	449	60	89	277	181	-18.10	-78.76	-4.58	16199.82	-937.46	2865.37	207.16	445.89	919.91
92	536	446	129	90	280	182	-20.97	-76.96	-5.96	16135.82	-1316.98	3065.10	32.50	436.09	883.92
95	534	449	220	87	274	181	-24.16	-74.51	-8.59	16018.63	-2036.73	3414.84	-153.72	302.84	635.37
90	532	444	128	86	279	183	-27.00	-72.57	-11.85	15832.70	-2919.30	3832.90	-264.39	-73.05	33.55
92	533	446	82	91	277	181	-29.07	-71.94	-14.34	15695.07	-3595.73	4159.46	-230.87	-656.15	-913.87
92	532	445	120	89	278	179	-30.23	-72.91	-15.14	15592.31	-3795.15	4286.28	-189.42	-1256.04	-2125.28
92	532	444	227	89	280	174	-28.50	-75.19	-14.69	15415.10	-3620.19	4264.17	-300.75	-1851.09	-3393.22
94	536	444	93	89	280	172	-21.99	-76.89	-13.31	15182.34	-3179.38	4088.16	-688.56	-2420.69	-4671.01
92	537	447	72	90	275	167	-14.47	-77.01	-11.28	14895.62	-2571.81	3766.15	-1045.49	-2925.15	-5949.36
93	539	447	131	89	277	164	-6.37	-75.65	-7.82	14548.44	-1619.22	3268.25	-1156.66	-3415.94	-7249.94
95	539	455	153	86	277	162	1.34	-73.73	-1.89	14332.82	-129.26	2649.23	-1275.78	-3865.60	-8323.19
94	542	451	80	87	270	158	7.68	-70.77	4.37	14169.38	1390.21	1879.97	-1609.34	-3918.32	-8840.48
99	542	454	118	86	267	162	13.35	-67.06	9.53	13978.51	2625.89	1323.97	-1939.07	-3680.00	-8621.61
95	545	454	132	86	270	162	18.81	-63.62	13.40	13768.99	3534.60	1035.17	-2054.72	-3352.30	-7960.18
95	543	455	138	88	274	165	24.10	-60.55	16.21	13597.14	4189.87	971.22	-1884.63	-2951.64	-7077.27
95	545	454	79	88	273	162	29.12	-57.43	19.43	13439.88	4958.38	927.65	-1666.45	-2571.00	-6115.85
95	549	457	116	89	275	162	33.90	-54.33	23.01	13281.08	5832.66	844.27	-1471.98	-2215.75	-4985.26
95	545	458	204	87	279	161	38.81	-51.31	26.40	13068.03	6655.83	718.06	-1191.03	-1884.87	-3621.05
96	541	458	146	89	277	166	43.58	-48.51	29.22	12849.83	7334.43	613.96	-885.18	-1555.72	-2072.10
96	542	453	76	89	281	168	47.65	-46.14	31.06	12634.94	7742.91	505.86	-692.52	-1197.04	-368.84
95	544	455	125	93	280	169	51.22	-44.56	31.99	12407.19	7875.77	435.76	-584.19	-850.78	1287.95
93	541	453	138	90	283	176	54.10	-44.07	32.23	12133.43	7774.58	413.78	-491.48	-538.25	2861.90
92	540	450	165	90	286	186	53.88	-45.47	31.70	11864.56	7456.65	457.69	-399.96	-306.58	4357.16
94	540	450	94	90	281	186	46.98	-45.93	30.14	11671.33	6915.42	556.80	-162.61	-99.50	5777.65
92	542	451	83	90	287	193	40.60	-45.43	28.19	11462.36	6297.25	729.76	106.97	122.07	7127.12
93	540	456	143	90	285	204	33.91	-44.22	25.74	11270.84	5607.78	927.07	164.92	383.02	8409.11
94	540	454	137	90	286	208	26.35	-42.55	22.42	11050.30	4756.79	1124.52	7.27	540.67	9618.41
93	538	454	231	84	295	216	19.65	-40.79	17.65	10867.99	3685.95	1322.30	72.11	629.38	10613.14
95	541	452	96	89	284	225	13.86	-38.98	12.65	10693.19	2660.26	1470.58	330.46	754.66	11353.18
93	540	459	93	90	282	231	7.48	-37.00	7.37	10420.53	1638.84	1649.25	252.28	823.88	11911.37
94	540	456	130	88	285	236	0.26	-35.07	-0.05	10116.70	325.70	1790.19	-86.33	787.64	12317.90
95	538	454	136	90	287	238	-5.79	-33.55	-8.82	9921.87	-1154.38	1872.48	-144.97	722.86	12422.75
89	540	455	192	96	291	239	-10.76	-32.12	-16.49	9767.97	-2460.26	1906.26	23.73	703.41	12123.72
93	538	453	99	91	283	239	-15.55	-30.80	-23.12	9618.98	-3630.05	1958.94	106.85	694.64	11589.03
92	539	453	78	91	285	241	-20.61	-29.89	-28.78	9518.63	-4712.95	2016.20	10.75	636.46	10871.93
93	540	452	137	90	284	237	-25.42	-29.20	-33.75	9454.69	-5762.90	2073.59	-115.93	561.34	9979.18
98	540	456	223	84	292	236	-29.82	-28.63	-38.11	9379.36	-6763.16	2131.11	-216.39	453.72	8881.57
95	540	451	108	90	283	225	-33.79	-28.59	-41.26	9360.99	-7585.20	2116.75	-226.77	294.33	7582.84
95	539	453	74	92	286	218	-37.52	-29.08	-42.99	9429.14	-8144.34	2036.11	-189.03	161.82	6198.45
95	538	449	125	91	284	206	-41.27	-29.78	-43.99	9498.09	-8514.92	1973.51	-245.73	85.23	4864.98
95	537	444	229	92	286	198	-45.27	-30.50	-44.68	9526.78	-8755.98	1920.03	-496.94	27.86	3534.98
95	537	452	137	91	284	197	-49.77	-31.18	-45.13	9557.84	-8931.38	1840.83	-890.84	5.07	2143.63
96	538	448	82	91	282	191	-53.43	-30.95	-46.08	9492.95	-9176.01	1777.99	-1170.05	64.62	711.45
91	535	447	106	89	281	185	-55.85	-30.59	-47.06	9349.70	-9355.41	1737.09	-1155.90	95.24	-817.57
96	537	446	134	92	280	181	-57.42	-30.86	-47.41	9175.82	-9284.44	1692.64	-987.20	125.73	-2360.89
96	537	443	145	91	274	177	-56.84	-33.95	-46.69	9041.63	-8904.62	1624.20	-800.49	164.54	-3881.25
96	536	448	81	92	276	173	-45.31	-35.41	-45.30	8845.14	-8267.98	1603.19	-295.87	82.51	-5241.19
99	539	445	111	96	277	168	-32.17	-35.82	-41.35	8807.89	-7124.79	1450.83	667.02	-153.21	-6309.68
97	537	446	132	91	274	168	-21.52	-35.61	-33.16	9024.49	-5344.15	1190.69	1124.67	-320.85	-6931.49
97	538	445	142	94	268	165	-14.09	-35.38	-24.04	9319.67	-3674.94	995.36	858.59	-389.61	-7052.07
97	538	446	78	90	273	165	-6.62	-35.87	-15.91	9719.88	-2342.99	799.79	723.26	-479.28	-6865.37
95	536	452	118	89	268	164	1.57	-36.53	-8.87	10151.89	-1198.84	575.40	884.25	-536.17	-6409.15
98	537	448	125	92	270	167	9.71	-37.36	-3.82	10525.50	-348.10	337.23	1105.98	-529.01	-5736.64
100	536	447	208	91	273	164	17.13	-38.46	-0.85	10849.02	176.91	141.97	1184.34	-404.31	-4973.56
95	535	445	93	94	272	168	23.79	-40.36	0.11	11101.37	354.66	59.67	1130.52	-180.29	-4201.33
98	534	443	72	89	270	173	16.29	-42.89	-0.32	11302.10	272.93	60.49	1155.94	-0.18	-3543.71
95	535	443	115	93	268	172	10.47	-45.19	-0.85	11518.00	167.08	76.86	1337.55	155.93	-3044.78
97	533	444	127	91	273	175	7.40	-47.24	-1.15	11739.10	104.53	130.42	1474.37	350.69	-2642.19
95	533	443	213	92	274	180	6.31	-49.05	-1.22	11949.54	86.10	216.10	1399.60	546.00	-2311.48