109	505	417	118	81	277	180	-4.65	-79.56	-1.74	16269.91	-152.71	2729.95	-1906.88	625.65	1465.81
108	506	422	98	80	272	181	-6.17	-79.29	-1.99	16278.82	-220.27	2760.65	-1868.94	647.66	1450.77
112	505	425	118	81	274	179	-8.64	-78.66	-2.47	16289.27	-356.06	2816.22	-1856.04	676.28	1429.84
108	505	420	140	81	282	178	-11.80	-77.62	-3.38	16274.01	-609.05	2912.01	-1851.44	670.97	1364.74
108	503	424	143	81	278	183	-14.95	-76.33	-4.64	16253.71	-959.80	3045.61	-1813.57	633.47	1199.76
108	505	421	92	82	270	179	-17.89	-74.85	-6.31	16205.82	-1423.01	3208.33	-1696.84	536.04	897.07
106	507	422	111	81	274	175	-20.21	-74.03	-7.79	16163.53	-1833.46	3336.11	-1450.70	326.69	351.76
108	504	425	158	81	280	177	-21.51	-74.59	-8.30	16150.76	-1975.39	3376.70	-1220.26	65.16	-348.92
109	505	417	143	80	271	175	-20.15	-75.98	-7.98	16130.22	-1882.82	3333.67	-1190.45	-201.70	-1117.78
107	507	424	96	80	268	174	-15.42	-77.21	-7.30	16088.91	-1686.88	3250.99	-1201.62	-452.87	-1884.44
107	507	425	129	82	271	174	-9.54	-77.84	-6.34	16022.46	-1410.93	3162.04	-1150.34	-651.97	-2631.57
110	511	424	196	82	274	168	-3.47	-77.68	-4.97	15955.94	-1024.99	3055.94	-1158.68	-793.27	-3317.99
109	507	426	94	80	266	172	1.63	-77.47	-3.75	15850.34	-684.54	2945.14	-1344.44	-894.81	-3912.89
110	506	430	96	82	265	169	6.82	-77.70	-2.92	15708.62	-452.91	2837.68	-1407.02	-1003.52	-4471.44
109	506	425	122	81	264	167	12.40	-77.05	-1.69	15561.39	-117.07	2737.60	-1294.32	-1073.49	-5075.02
110	506	425	157	79	264	168	17.52	-75.62	-0.03	15400.32	326.99	2639.12	-1234.05	-1067.22	-5686.72
109	508	427	91	82	258	165	22.43	-73.81	2.03	15179.71	860.24	2572.96	-1084.90	-1109.86	-6116.29
110	513	428	114	83	258	165	26.90	-71.87	4.71	15007.52	1542.83	2463.31	-1075.46	-1195.27	-6410.92
109	508	428	137	82	261	162	30.61	-69.95	7.31	14838.55	2195.09	2362.35	-1177.93	-1241.40	-6605.72
107	507	422	142	81	261	162	34.35	-67.92	10.09	14685.22	2887.53	2250.43	-1226.44	-1271.33	-6720.39
107	511	430	88	77	256	162	38.07	-65.70	13.17	14543.16	3660.95	2109.91	-1241.96	-1275.12	-6666.07
106	509	433	117	82	260	157	41.70	-63.29	16.70	14389.80	4550.31	1915.61	-1273.12	-1276.81	-6427.22
108	512	420	195	78	268	160	45.20	-60.71	20.19	14283.71	5463.19	1725.23	-1266.21	-1179.62	-5915.71
109	509	428	102	79	256	161	48.54	-57.94	23.14	14148.92	6236.23	1613.57	-1176.45	-970.19	-5166.17
109	507	424	79	78	259	163	52.02	-55.33	25.67	13990.88	6896.82	1538.89	-957.88	-759.13	-4259.86
110	508	426	123	81	268	163	55.21	-52.91	27.95	13873.33	7519.78	1466.35	-750.28	-512.07	-3256.77
110	506	426	179	78	275	164	57.91	-50.63	29.50	13731.67	7914.19	1456.83	-541.22	-189.42	-2111.48
109	508	430	96	82	265	166	59.64	-49.07	30.30	13574.48	8072.88	1545.99	-332.71	109.40	-934.01
106	509	429	82	84	267	167	60.84	-48.31	30.82	13422.16	8142.64	1647.29	-189.17	273.38	176.94
110	511	429	121	81	270	169	61.20	-48.21	30.93	13289.65	8096.50	1739.52	-139.51	362.21	1265.85
107	510	426	204	83	283	172	61.30	-48.70	30.82	13180.17	7999.88	1795.15	-181.64	412.65	2343.40
107	508	432	131	80	274	175	59.36	-49.68	30.23	13031.56	7733.68	1895.19	-200.51	452.02	3431.53
107	509	431	94	83	272	176	55.24	-51.25	29.15	12923.38	7354.20	1984.03	-227.58	399.47	4434.31
112	509	429	115	84	272	177	50.63	-53.14	27.93	12844.41	6966.89	2030.83	-275.80	323.85	5360.39
108	510	433	134	82	279	182	43.99	-54.50	26.27	12774.79	6475.35	2070.89	-259.81	260.20	6254.42
108	511	427	150	82	278	186	37.41	-56.27	24.69	12726.25	6032.18	2069.74	-211.07	157.24	7063.70
108	511	431	93	81	274	189	30.69	-57.04	22.48	12656.74	5433.57	2069.06	46.53	24.48	7859.27
109	511	435	86	83	274	192	25.53	-57.75	19.94	12669.30	4810.89	2020.00	817.36	-81.04	8500.80
110	510	430	117	80	280	195	21.49	-58.83	18.41	12644.64	4431.95	1967.60	1561.84	-8.59	9020.81
113	513	431	173	80	298	198	15.88	-57.76	16.20	12528.81	3877.75	2005.22	1662.10	161.34	9608.87
109	509	433	139	78	282	204	10.42	-55.41	11.79	12399.37	2853.86	2167.76	1785.54	264.57	10133.98
109	511	435	95	80	271	207	5.99	-53.10	6.53	12309.00	1705.17	2356.37	2105.61	337.89	10415.68
108	512	434	110	80	282	212	1.40	-51.18	1.04	12218.75	549.51	2576.16	2277.23	315.30	10478.69
108	510	434	131	80	281	213	-3.74	-49.46	-4.98	12175.61	-698.17	2770.75	2228.82	242.18	10328.41
110	513	433	164	78	286	214	-8.78	-48.28	-10.70	12180.03	-1906.66	2907.81	2152.43	97.07	9876.64
109	509	433	97	81	279	213	-13.66	-47.75	-15.17	12269.23	-2904.32	2918.82	2116.76	-69.03	9186.11
110	512	431	111	80	280	203	-18.40	-47.29	-18.57	12372.36	-3711.11	2900.28	2032.97	-157.83	8361.85
109	510	431	134	81	283	204	-22.87	-46.77	-21.66	12441.95	-4474.95	2901.46	1905.17	-231.39	7399.16
109	511	427	148	84	283	199	-26.89	-46.39	-24.15	12471.45	-5109.60	2929.39	1776.36	-311.62	6318.00
109	508	434	91	80	274	194	-30.62	-46.25	-26.25	12497.28	-5666.72	2945.72	1658.05	-415.89	5119.35
107	509	435	127	80	283	189	-34.36	-46.50	-27.58	12492.21	-6017.19	2915.44	1493.59	-504.14	3863.53
107	507	433	206	81	293	187	-38.17	-46.64	-28.68	12425.00	-6281.73	2896.26	1199.41	-568.98	2579.66
111	511	434	95	82	272	180	-41.35	-47.35	-29.34	12364.95	-6428.04	2854.85	1018.79	-671.44	1209.42
110	508	429	98	79	275	178	-44.37	-49.14	-29.11	12284.50	-6321.04	2784.51	767.90	-743.86	-180.90
109	509	431	126	81	278	172	-43.98	-52.00	-28.22	12204.28	-6037.99	2700.88	573.71	-825.22	-1540.75
110	509	426	175	84	277	168	-35.49	-53.13	-26.13	12147.46	-5462.09	2609.64	461.87	-900.86	-2771.62
110	509	430	94	81	271	165	-27.38	-52.91	-22.77	12112.49	-4612.78	2488.56	270.43	-956.07	-3783.33
112	507	431	123	82	272	167	-19.56	-52.08	-18.29	12130.07	-3567.94	2337.93	92.91	-989.36	-4528.57
108	506	435	180	82	275	164	-12.13	-50.79	-12.78	12173.76	-2351.55	2138.83	-64.69	-973.40	-4917.04
110	504	429	141	83	270	161	-5.48	-49.69	-7.32	12288.08	-1202.37	1919.29	-302.85	-929.13	-4951.99
110	507	430	92	80	266	164	0.44	-48.88	-3.11	12442.27	-325.85	1765.93	-573.51	-785.02	-4716.74
110	506	426	119	81	273	165	5.99	-48.61	-0.44	12544.16	240.24	1716.03	-671.34	-592.17	-4379.45
106	505	428	192	82	275	168	10.88	-48.91	1.50	12644.35	656.63	1725.43	-642.77	-432.91	-3993.23
106	504	430	143	82	275	170	14.42	-49.73	2.71	12746.73	921.40	1798.36	-612.33	-307.36	-3585.67
108	504	430	93	80	265	169	16.45	-50.86	3.33	12865.79	1062.73	1908.04	-569.56	-207.30	-3187.73
114	505	427	127	82	267	172	17.42	-52.11	3.58	12975.50	1125.19	2032.24	-491.04	-136.18	-2827.70