92	534	461	157	100	280	188	-23.83	-78.58	-6.19	16104.93	-1376.43	2968.63	-105.82	141.15	-769.77
93	534	457	164	105	273	184	-23.99	-78.41	-6.26	16117.28	-1398.21	2997.20	-77.63	139.39	-781.79
92	534	453	168	100	272	187	-22.97	-78.36	-6.17	16142.62	-1376.10	3043.94	10.80	107.72	-825.90
91	534	462	106	100	276	185	-19.64	-78.16	-5.60	16174.09	-1221.29	3147.94	129.81	36.43	-901.20
91	534	455	139	100	276	184	-13.56	-76.81	-3.33	16175.38	-589.43	3288.94	184.67	-124.19	-969.34
93	536	457	167	101	277	180	-7.00	-75.33	0.87	16282.41	577.84	3255.50	122.53	-446.53	-697.42
92	536	454	187	97	278	185	-1.64	-73.41	5.20	16393.89	1797.55	3166.12	-231.34	-656.35	95.05
91	536	457	108	98	275	187	2.87	-71.12	8.67	16299.00	2767.27	3158.82	-606.77	-774.03	1390.79
90	535	461	103	102	276	193	5.84	-69.08	10.79	15916.65	3303.91	3243.48	-1084.64	-959.93	2959.60
91	536	460	155	104	281	206	6.78	-67.92	11.81	15388.41	3480.72	3339.30	-1696.10	-1317.49	4449.97
90	539	461	254	102	278	218	8.77	-68.06	12.40	14913.39	3540.28	3374.94	-1965.40	-1784.51	5865.83
94	538	456	109	101	278	235	12.25	-65.61	13.86	14278.32	3775.27	3374.39	-2034.13	-2133.94	7210.88
92	537	457	100	101	281	254	11.52	-57.91	14.68	13140.61	3688.30	3349.07	-2581.02	-2473.59	8488.69
93	536	461	160	102	277	271	2.35	-51.36	13.20	11538.78	2963.09	3272.22	-3208.47	-2792.36	9702.60
92	537	456	230	106	280	276	-5.04	-46.67	7.66	9562.44	1575.13	3186.01	-3380.05	-3287.19	10855.82
95	535	458	103	100	271	278	-12.45	-43.50	-3.82	7445.92	-142.02	2779.11	-3452.65	-4023.13	11951.38
98	533	453	153	99	272	282	-20.55	-41.18	-20.38	6002.02	-1773.32	1942.35	-3553.01	-4622.88	12461.36
94	529	462	207	104	273	277	-26.69	-39.08	-36.58	5261.72	-3323.06	828.63	-3131.86	-4860.03	11945.70
96	531	454	128	102	272	275	-31.20	-35.78	-49.75	4675.83	-4795.30	-145.00	-2434.57	-4669.68	10917.21
97	532	453	95	100	270	276	-36.52	-31.38	-60.42	3987.04	-6104.34	-829.35	-2183.24	-4207.60	9713.20
93	532	455	164	102	272	274	-41.28	-27.07	-68.86	3338.69	-7437.52	-1321.28	-2020.38	-3690.57	8148.09
93	533	458	169	109	276	269	-43.20	-22.69	-75.72	2635.35	-8704.05	-1628.82	-1276.71	-3171.44	6102.28
95	533	452	103	104	275	263	-43.83	-18.36	-81.30	1874.99	-9730.24	-1898.38	-246.22	-2707.72	4158.77
96	534	450	164	101	273	261	-45.08	-13.99	-85.11	1264.84	-10527.33	-2027.26	494.64	-2143.43	2312.43
97	529	451	246	95	276	251	-45.77	-9.77	-88.21	697.20	-11255.76	-2005.50	1224.01	-1544.56	558.41
95	531	453	106	99	272	241	-45.95	-5.64	-90.50	228.54	-11607.38	-1811.22	1921.45	-974.88	-1107.91
98	530	453	91	102	277	223	-45.27	-2.01	-92.01	-84.09	-11537.61	-1563.26	2534.58	-598.39	-2690.91
96	530	452	160	99	275	201	-43.02	1.56	-93.26	-323.89	-11185.73	-1213.70	2886.45	-307.27	-4194.77
99	528	455	171	93	274	186	-39.35	3.90	-94.43	-519.69	-10666.44	-775.61	3043.13	-178.15	-5623.43
98	531	453	102	100	277	177	-33.86	5.19	-95.45	-650.91	-9980.12	-397.23	3200.42	-144.25	-6980.66
96	531	449	153	100	273	169	-25.89	5.37	-96.88	-780.56	-8893.71	-76.17	3393.45	-221.98	-8270.03
98	534	451	163	97	274	163	-18.44	4.81	-98.46	-819.93	-7412.23	252.44	3365.38	-297.88	-9494.92
101	533	452	180	97	273	162	-11.98	4.07	-101.31	-878.54	-5720.02	509.42	3105.11	-482.24	-10658.58
97	534	455	102	100	267	159	-5.74	2.26	-104.54	-773.41	-3931.61	626.15	2833.01	-837.33	-11440.50
97	533	455	148	96	269	160	1.16	-0.16	-110.02	-552.34	-2096.68	579.04	2737.45	-1288.11	-11833.27
97	527	460	260	98	272	156	7.84	-2.19	-125.22	-151.32	-353.50	353.09	2595.33	-1543.91	-11689.61
95	529	455	153	96	267	153	14.13	-3.52	100.82	148.04	1302.53	171.63	2503.17	-1687.41	-10948.83
97	529	456	102	97	273	157	19.98	-4.64	87.02	466.44	2875.75	-75.35	2363.91	-1774.99	-9648.69
96	529	454	143	102	270	156	25.39	-4.65	85.28	667.32	4370.31	-314.58	2222.06	-1627.59	-7800.90
95	529	456	163	98	275	156	29.09	-3.89	86.37	680.75	5790.15	-379.05	1828.46	-1383.81	-5772.51
96	528	455	202	100	279	159	30.82	-2.90	88.08	557.12	6986.24	-136.30	1180.29	-1175.87	-3845.53
93	528	457	114	100	276	167	29.57	-1.72	90.11	320.06	7392.53	253.52	158.87	-1118.78	-2014.91
95	525	451	98	101	276	187	19.75	0.49	93.94	-109.14	6747.10	634.04	-1394.02	-1285.19	-275.81
92	522	448	161	100	275	208	7.02	-0.73	99.84	-436.29	4771.35	678.54	-2877.67	-1790.18	1376.33
94	520	444	235	103	286	220	1.08	-2.44	106.62	-431.07	2894.38	497.21	-2454.24	-2244.17	2710.16
95	520	447	148	103	278	227	-2.38	-3.86	128.08	-276.12	1111.26	194.95	-1270.43	-2490.61	3086.85
94	519	448	103	102	278	231	-9.72	-5.24	-99.50	244.49	-199.50	-122.00	-1245.95	-2419.68	3245.66
93	521	450	160	104	279	227	-17.02	-6.18	-73.77	834.86	-1385.33	-317.10	-1500.76	-2144.50	3208.63