109	521	438	192	86	274	181	-1.01	-78.98	-1.77	16384.77	-163.98	3162.54	300.49	224.91	574.61
108	522	439	134	83	270	182	-0.82	-79.01	-1.73	16403.53	-151.58	3157.61	290.52	217.27	587.18
114	519	437	210	86	272	182	-1.97	-78.83	-1.88	16415.36	-194.20	3183.33	271.54	221.55	607.57
108	515	442	142	82	271	183	-4.67	-78.08	-2.41	16430.39	-344.69	3254.36	184.21	267.18	640.89
107	517	439	94	82	266	182	-8.64	-75.94	-4.09	16386.87	-815.66	3449.05	20.85	329.22	644.44
107	518	446	79	80	264	182	-12.48	-73.26	-6.80	16260.12	-1567.07	3741.39	-67.19	303.71	400.67
107	517	441	131	85	267	180	-15.36	-71.38	-9.80	16084.52	-2387.72	3992.92	131.82	26.82	-242.66
105	516	441	204	83	267	177	-17.26	-71.44	-11.36	15964.29	-2808.93	4063.88	541.53	-421.67	-1174.18
105	515	438	97	84	261	176	-19.52	-73.03	-11.61	15816.68	-2848.49	4007.88	518.75	-857.74	-2241.32
105	512	440	76	86	262	173	-22.02	-75.00	-11.54	15599.24	-2783.06	3904.49	145.27	-1264.80	-3432.40
104	513	440	134	85	259	172	-16.37	-76.36	-10.69	15336.08	-2498.11	3768.86	-91.85	-1658.96	-4746.68
105	511	440	145	85	262	167	-9.10	-75.46	-8.35	15064.28	-1828.60	3536.82	-228.96	-1989.31	-6011.85
106	511	440	78	84	254	165	-2.40	-73.63	-4.98	14775.66	-925.17	3204.18	-491.61	-2270.90	-7060.86
104	509	441	128	81	253	166	3.78	-71.61	-1.11	14482.48	59.48	2807.97	-817.33	-2555.25	-7930.76
105	513	445	174	86	251	160	10.24	-69.50	3.15	14240.15	1099.31	2406.97	-946.86	-2780.94	-8601.53
101	511	439	136	82	258	161	16.27	-67.05	7.84	14080.35	2226.75	1983.62	-1062.52	-2851.49	-8903.00
104	512	439	85	84	252	155	20.38	-63.68	11.68	13958.93	3149.61	1666.24	-1532.89	-2515.07	-8959.65
102	512	440	123	80	253	156	24.76	-59.98	14.99	13725.58	3920.93	1561.33	-1619.70	-2089.56	-8807.82
106	512	436	207	81	256	161	29.11	-56.28	18.99	13493.50	4862.68	1527.46	-1540.41	-1703.29	-8388.83
106	514	440	94	80	252	161	32.57	-52.60	23.39	13249.23	5921.15	1608.29	-1551.19	-1338.67	-7703.14
107	516	447	67	80	254	157	34.54	-49.37	28.18	12960.97	7097.89	1714.88	-1893.03	-1105.34	-6729.58
106	516	440	128	83	258	162	36.30	-46.95	31.92	12722.12	8050.60	1774.93	-2262.93	-1001.27	-5391.30
100	517	446	159	84	262	166	39.15	-44.51	34.74	12434.81	8724.27	1859.99	-2229.73	-825.56	-3798.24
106	517	445	83	85	261	167	42.04	-42.43	36.92	12117.07	9186.85	1955.99	-2069.50	-708.43	-2028.87
107	516	443	123	84	266	170	43.61	-41.42	38.17	11795.62	9342.51	2056.79	-2120.82	-754.31	-289.08
106	521	444	137	85	269	173	45.13	-42.11	38.35	11530.24	9193.98	2109.55	-1963.88	-845.19	1363.72
107	520	447	153	84	268	169	46.54	-43.79	37.76	11352.32	8868.28	2112.67	-1585.24	-791.83	2910.74
107	520	453	84	82	271	176	44.96	-44.99	36.98	11108.71	8446.27	2145.64	-1210.33	-642.29	4403.55
110	519	452	130	85	270	185	39.32	-46.75	35.68	10935.87	7945.56	2152.96	-1173.11	-610.48	5806.17
107	519	456	159	89	275	185	30.79	-46.83	33.35	10772.28	7203.48	2183.51	-1342.95	-602.85	7066.16
104	517	451	128	86	279	189	22.47	-46.56	30.07	10702.46	6337.50	2201.93	-1512.91	-586.51	8074.31
107	517	450	81	84	271	194	15.06	-46.25	26.27	10681.54	5440.03	2184.04	-1510.81	-573.63	8891.39
105	517	453	120	82	275	199	8.97	-45.69	22.20	10638.86	4539.03	2188.83	-1273.07	-555.15	9636.92
107	516	448	190	80	282	204	3.20	-45.65	18.25	10621.32	3727.28	2208.19	-1105.07	-609.15	10246.08
108	513	450	146	82	275	208	-3.42	-45.80	14.45	10610.66	2981.31	2188.78	-1256.26	-681.94	10810.97
107	514	447	82	86	273	210	-10.47	-44.73	8.99	10617.92	1961.65	2119.54	-1532.90	-653.34	11294.47
110	513	447	135	85	274	215	-15.40	-43.24	2.42	10531.23	765.16	2106.57	-1384.66	-644.57	11550.30
107	512	449	209	87	282	217	-19.88	-42.54	-3.03	10537.46	-207.49	2018.64	-1128.37	-681.70	11488.33
106	517	447	102	85	277	219	-25.57	-41.83	-7.71	10600.59	-1057.92	1857.31	-1197.15	-615.06	11328.82
107	516	448	80	84	276	224	-31.67	-40.45	-12.91	10647.76	-2032.22	1728.44	-1516.95	-459.21	11091.43
106	516	446	135	84	278	221	-36.24	-38.50	-19.61	10560.37	-3311.41	1691.82	-1631.20	-343.00	10656.40
109	515	449	158	85	276	223	-38.66	-36.95	-26.22	10425.95	-4636.64	1719.43	-1268.79	-354.40	9819.48
106	515	444	86	87	275	219	-41.14	-35.81	-30.85	10358.86	-5653.01	1729.46	-988.00	-351.68	8701.41
105	517	443	128	85	281	217	-44.15	-34.63	-34.57	10293.51	-6529.16	1774.38	-952.75	-292.14	7442.84
108	515	442	212	80	284	211	-46.40	-33.54	-38.11	10160.64	-7373.50	1869.26	-819.81	-300.59	6012.35
105	517	442	96	85	276	200	-47.56	-33.00	-40.60	10030.80	-7978.43	1936.20	-440.57	-378.61	4410.03
105	516	443	82	82	277	199	-48.54	-33.38	-41.62	9965.26	-8224.30	1932.19	-19.79	-438.68	2786.28
107	517	445	124	86	277	188	-50.86	-34.30	-41.99	9830.40	-8216.69	1891.38	66.25	-491.04	1243.76
107	516	444	232	84	274	180	-53.55	-35.39	-42.27	9758.88	-8233.66	1798.61	12.18	-566.44	-300.57
106	515	444	98	83	271	173	-56.88	-37.25	-41.92	9697.34	-8074.57	1672.28	62.43	-588.52	-1913.50
106	514	441	82	85	266	173	-41.90	-40.44	-40.82	9607.27	-7676.24	1556.87	178.05	-457.14	-3456.22
106	515	442	126	84	265	169	-32.48	-40.70	-38.47	9536.71	-6977.23	1543.82	439.40	-340.54	-4892.36
105	515	448	223	86	260	167	-23.11	-39.47	-33.03	9513.07	-5635.77	1568.03	750.73	-298.36	-6077.09
108	517	444	88	85	259	162	-15.80	-38.46	-23.86	9645.22	-3785.38	1558.63	604.19	-347.54	-6780.74
107	515	446	103	88	258	155	-9.43	-38.01	-13.96	9855.76	-2034.71	1521.30	302.98	-484.41	-6901.65
108	516	446	132	85	264	161	-2.60	-38.02	-5.84	10160.17	-672.58	1422.03	230.54	-574.44	-6511.47
110	514	440	172	82	266	165	4.48	-38.46	-0.54	10459.56	238.45	1311.53	338.16	-580.02	-5832.49
106	511	441	98	88	261	167	10.57	-39.46	2.26	10718.78	743.13	1244.56	360.40	-471.92	-5052.22
107	512	440	85	87	260	167	13.04	-41.80	2.60	10915.04	814.57	1272.93	297.83	-318.72	-4297.26