99	532	450	128	93	276	186	-55.33	-58.68	-25.46	15850.21	-7055.05	5037.40	-6151.75	-104.09	-2536.17
102	535	452	71	97	267	186	-56.84	-58.28	-26.36	15795.70	-7328.49	5081.33	-6228.36	-292.23	-3019.66
98	533	452	131	93	273	183	-58.82	-58.54	-27.00	15720.52	-7508.67	5062.46	-6283.49	-505.67	-3697.18
101	533	446	153	94	269	186	-60.88	-58.94	-27.54	15587.49	-7622.04	4991.34	-6319.46	-721.14	-4563.07
100	534	450	86	89	264	180	-62.24	-59.29	-27.96	15361.12	-7643.73	4908.17	-6242.09	-914.78	-5580.06
98	536	449	132	91	266	179	-62.30	-60.40	-28.06	15068.66	-7522.95	4827.16	-6030.49	-1213.19	-6747.56
100	534	449	223	92	269	176	-58.06	-63.28	-27.52	14762.43	-7183.80	4699.80	-5589.51	-1620.78	-7945.88
99	537	453	83	91	263	173	-46.83	-64.04	-25.40	14488.10	-6388.01	4429.21	-5167.44	-2050.34	-9094.54
99	538	451	119	92	261	168	-36.26	-62.98	-21.26	14273.30	-5090.61	3983.95	-4885.71	-2367.58	-10260.21
100	540	449	226	90	263	163	-26.68	-61.05	-14.52	14046.03	-3219.08	3355.55	-4720.23	-2613.70	-11141.90
98	542	457	83	90	254	165	-18.36	-59.01	-7.36	13903.33	-1419.77	2595.78	-4805.32	-2746.61	-11394.36
98	541	455	112	88	257	164	-9.88	-56.20	-2.04	13749.37	-144.99	2124.59	-4629.25	-2534.83	-11004.19
99	544	453	188	90	262	166	-1.10	-53.19	1.81	13475.70	749.26	1992.76	-3938.14	-2181.74	-10364.78
99	540	454	132	92	260	168	7.31	-50.21	6.13	13145.51	1711.80	1999.92	-3060.48	-1911.10	-9566.14
99	542	452	83	91	261	168	15.12	-47.80	11.58	12890.44	2906.61	1838.72	-2385.91	-1787.20	-8571.43
98	541	452	124	92	266	166	20.91	-45.22	18.01	12731.91	4364.68	1470.99	-2281.76	-1601.19	-7269.11
99	541	449	221	92	266	164	23.92	-42.00	23.28	12581.12	5603.05	1102.04	-2895.62	-1155.83	-5574.45
99	543	458	99	89	269	171	26.01	-38.73	26.44	12301.66	6285.69	884.94	-3639.39	-621.44	-3657.38
98	541	456	88	89	268	171	28.64	-36.38	28.12	11927.78	6530.61	863.89	-3937.32	-228.06	-1836.16
102	544	453	129	91	270	177	32.55	-35.85	28.92	11591.39	6554.08	872.30	-3719.11	-94.76	-106.00
99	548	458	200	92	278	180	37.52	-37.16	28.92	11409.02	6453.97	840.88	-3239.65	-5.12	1537.65
102	545	454	149	93	276	185	40.92	-38.04	28.88	11222.17	6339.68	821.64	-2888.37	222.78	3099.11
100	547	456	82	93	278	192	37.75	-39.52	28.20	10931.26	6017.29	909.75	-2732.05	354.14	4582.51
101	546	455	59	93	278	198	33.91	-41.70	27.06	10740.70	5650.43	976.87	-2328.65	320.79	5991.73
100	546	457	139	90	280	207	31.57	-44.01	25.81	10660.86	5328.70	1036.62	-1767.97	361.75	7330.50
101	544	455	233	93	281	208	27.31	-43.94	24.80	10369.02	4971.87	1141.59	-1594.67	561.11	8602.32
101	548	456	90	92	284	222	19.58	-40.49	22.33	9923.57	4273.08	1310.91	-1886.48	743.90	9810.55
101	545	456	85	92	281	236	11.52	-36.46	17.33	9327.19	3139.82	1507.77	-2199.66	924.16	10958.38
100	546	460	128	93	286	241	4.81	-33.26	8.49	8707.63	1584.83	1647.58	-2161.48	960.10	12048.81
100	543	454	222	93	292	246	-0.37	-30.83	-3.33	8197.65	-125.81	1719.20	-1740.55	890.00	12679.12
99	543	456	130	94	285	245	-5.62	-28.46	-15.66	7789.77	-1757.92	1785.64	-1449.83	900.65	12878.46
101	541	457	85	94	285	247	-11.31	-26.43	-26.91	7507.28	-3308.42	1822.76	-1401.83	939.36	12758.54
101	541	456	130	91	282	246	-16.34	-24.94	-36.52	7239.71	-4781.40	1904.62	-1331.74	869.35	12183.76
103	540	456	229	91	288	243	-19.93	-23.64	-44.08	7058.93	-6180.73	1937.39	-936.06	796.98	11062.17
99	539	458	93	93	280	244	-23.78	-22.52	-49.74	6839.98	-7347.30	1980.92	-675.05	709.63	9654.91
101	540	458	92	89	280	241	-27.84	-21.66	-54.98	6559.98	-8550.93	2096.27	-630.15	516.55	8033.37
99	539	456	128	92	286	241	-30.94	-21.17	-59.02	6333.38	-9658.98	2226.66	-434.14	278.82	6123.25
98	539	453	212	93	285	232	-32.61	-20.83	-61.26	6146.31	-10266.83	2302.53	82.71	67.58	4178.69
103	539	451	94	95	279	222	-33.43	-20.62	-62.84	5891.60	-10499.69	2401.80	677.43	-219.25	2331.35
99	540	452	81	94	280	209	-33.86	-22.12	-63.26	5764.22	-10444.31	2425.31	1299.66	-659.64	576.38
99	539	458	123	91	282	200	-33.76	-25.02	-62.97	5679.41	-10144.49	2429.24	1792.32	-1121.26	-1090.84
100	539	458	240	96	290	191	-31.12	-30.32	-61.83	5688.04	-9665.47	2368.78	2076.46	-1523.59	-2674.69
99	539	450	87	94	278	183	-20.83	-33.23	-59.77	5724.84	-8917.20	2216.34	2253.34	-1864.41	-4179.36
99	540	457	128	95	272	167	-11.19	-34.34	-55.24	5849.99	-7615.33	1894.73	2426.97	-2211.89	-5607.04
101	543	453	142	89	274	161	-3.13	-35.04	-45.43	6255.49	-5678.97	1368.59	2291.17	-2507.85	-6445.14
101	544	449	133	94	270	157	3.82	-35.58	-33.18	6725.92	-3845.02	741.76	1921.96	-2690.15	-6571.93
99	543	454	77	93	270	158	11.05	-35.92	-22.39	7295.82	-2534.77	209.47	1708.16	-2628.85	-6280.69
99	542	447	120	92	270	160	17.82	-36.25	-15.40	7746.03	-1708.43	-1.00	1668.36	-2338.20	-5799.15
101	540	450	173	92	281	164	22.74	-38.25	-12.27	8065.93	-1349.41	19.45	1619.39	-2118.09	-5277.89
100	543	454	133	93	273	168	19.36	-41.14	-11.86	8364.43	-1353.34	152.88	1611.22	-2049.54	-4879.60