104	533	454	146	90	283	184	-42.28	-79.11	-8.41	16305.91	-2027.11	2395.78	-403.29	-109.28	346.17
106	534	451	128	94	275	181	-42.84	-79.06	-8.49	16307.61	-2050.36	2383.19	-413.98	-94.67	312.16
103	533	454	146	89	280	184	-43.43	-78.94	-8.58	16306.23	-2077.84	2379.63	-431.53	-77.63	262.25
101	530	451	156	87	279	187	-43.64	-78.89	-8.63	16309.52	-2091.15	2379.65	-420.50	-69.15	189.24
104	533	452	94	88	276	185	-43.67	-78.90	-8.61	16311.64	-2087.79	2378.47	-432.98	-56.24	116.28
107	529	455	109	92	278	189	-43.98	-78.66	-8.75	16331.06	-2129.60	2394.74	-466.13	-32.48	38.31
103	531	453	138	91	276	185	-44.98	-78.06	-9.10	16321.71	-2229.32	2433.01	-544.22	3.54	-59.40
103	534	454	201	93	274	187	-46.42	-76.95	-9.87	16289.42	-2443.66	2525.56	-685.86	14.62	-204.73
104	532	450	100	90	273	181	-48.08	-75.41	-11.18	16228.15	-2808.07	2696.68	-881.77	-36.82	-483.10
103	528	449	80	88	272	177	-49.58	-73.50	-13.17	16131.14	-3364.87	2943.84	-995.13	-153.57	-960.94
103	532	456	135	89	277	179	-50.33	-71.67	-15.36	15951.99	-3958.03	3226.45	-934.62	-370.85	-1708.20
105	533	448	155	89	270	174	-50.73	-70.79	-16.87	15718.79	-4331.32	3450.33	-869.84	-710.75	-2743.24
105	532	451	88	91	272	178	-50.85	-71.11	-17.51	15429.05	-4430.56	3578.61	-942.10	-1158.32	-4003.87
105	534	455	125	88	275	172	-46.45	-72.97	-16.90	15118.20	-4158.63	3583.28	-1079.04	-1665.15	-5425.83
106	536	454	223	81	276	165	-37.71	-72.73	-14.82	14739.49	-3477.90	3416.32	-1215.99	-2185.39	-6792.94
104	537	454	96	88	268	163	-29.29	-71.18	-10.86	14413.71	-2368.60	3067.90	-1497.79	-2616.92	-8091.69
103	540	459	121	84	264	159	-21.64	-68.86	-4.79	14079.83	-819.37	2622.91	-1827.10	-2922.73	-9108.36
105	541	460	235	83	265	156	-13.61	-66.57	2.23	13814.43	859.95	1991.56	-1999.80	-3188.24	-9599.59
106	542	454	89	85	268	159	-5.30	-63.57	8.74	13712.91	2391.15	1322.58	-1989.91	-3128.98	-9440.11
104	539	455	84	88	264	156	2.74	-59.82	13.24	13574.27	3449.59	895.25	-1830.56	-2694.88	-8720.60
102	538	458	134	90	265	164	9.95	-56.80	15.71	13440.95	4021.91	747.09	-1589.33	-2173.03	-7839.57
104	537	453	216	90	273	169	16.10	-54.06	17.85	13304.91	4510.82	774.14	-1252.67	-1672.63	-6938.95
104	539	455	99	88	267	166	21.61	-51.18	21.09	13170.86	5285.87	790.43	-1038.58	-1293.20	-6033.10
105	540	456	82	86	269	168	26.39	-48.40	24.89	13065.92	6242.98	722.51	-1015.71	-974.14	-4954.84
105	541	456	140	87	271	169	30.08	-45.44	28.35	12944.02	7139.03	649.18	-1207.22	-576.73	-3589.35
107	542	451	226	89	271	165	32.98	-42.90	30.50	12728.22	7634.28	684.92	-1417.71	-203.50	-2010.53
104	539	450	100	90	272	173	36.13	-41.31	31.84	12491.01	7884.17	756.28	-1398.02	36.58	-388.66
104	539	456	82	85	271	174	39.24	-41.10	32.44	12283.86	7930.56	798.26	-1314.77	143.05	1185.93
107	538	459	140	87	277	177	41.48	-41.64	32.47	12102.27	7822.03	846.75	-1285.28	265.00	2744.18
108	542	455	238	85	286	184	42.33	-43.35	31.99	11902.55	7560.93	885.01	-1274.77	321.50	4245.32
101	539	459	129	88	279	185	41.07	-45.72	31.12	11743.42	7221.88	921.36	-1235.33	336.22	5671.40
105	539	460	82	88	277	191	36.45	-47.98	30.10	11549.45	6834.99	955.49	-1315.96	318.26	6994.18
103	540	467	122	85	282	199	28.19	-49.33	28.30	11364.78	6272.24	940.52	-1253.57	188.30	8244.53
106	541	462	146	90	281	203	20.68	-49.84	26.30	11205.94	5706.03	924.09	-1104.69	196.08	9444.05
107	539	462	158	88	277	213	13.06	-48.43	24.00	10921.05	5048.93	993.29	-1357.35	299.68	10610.20
105	540	461	94	88	280	221	6.17	-45.90	18.81	10509.19	3801.88	1144.82	-1424.34	191.24	11592.39
109	540	465	115	89	286	227	1.70	-43.73	12.14	10206.73	2457.19	1260.58	-870.92	93.53	12233.77
106	537	459	126	90	285	234	-2.94	-40.98	5.21	9879.40	1204.13	1426.95	-546.37	180.86	12622.78
110	538	461	243	88	290	233	-9.08	-38.57	-2.10	9619.83	-8.68	1588.01	-741.15	286.81	12865.14
107	539	460	104	87	283	234	-14.89	-36.70	-10.96	9424.84	-1427.85	1744.61	-959.65	268.47	12858.43
103	537	462	97	86	281	236	-18.85	-35.62	-18.57	9322.19	-2686.45	1761.58	-645.11	147.70	12445.16
105	538	459	139	90	284	237	-22.92	-34.49	-24.32	9219.68	-3683.53	1655.10	-325.31	106.21	11858.25
103	536	463	235	86	288	238	-27.86	-32.63	-30.62	9092.90	-4850.15	1638.34	-430.84	215.00	11164.79
106	537	461	99	88	283	235	-32.55	-30.70	-37.25	8929.65	-6203.85	1750.22	-633.50	303.00	10129.30
106	534	460	74	90	281	233	-35.68	-29.51	-42.55	8824.37	-7459.25	1871.31	-529.53	268.30	8678.19
106	538	460	143	88	283	227	-37.15	-29.11	-45.60	8783.75	-8293.49	1923.35	12.70	154.79	7014.43
107	537	460	230	86	285	218	-39.53	-29.41	-46.90	8809.16	-8723.82	1936.18	273.02	59.00	5362.11
104	537	460	102	89	283	203	-42.80	-30.04	-47.60	8836.71	-8978.63	1909.97	216.26	-32.65	3790.20
107	536	457	83	88	280	198	-45.67	-30.44	-48.49	8845.67	-9284.89	1928.67	159.00	-135.07	2203.59
106	536	460	136	89	278	192	-47.20	-31.21	-48.84	8847.39	-9406.85	1952.44	365.35	-223.47	529.11
104	536	455	228	87	273	185	-48.03	-32.44	-48.80	8739.22	-9268.11	1983.42	540.78	-324.24	-1120.85
104	534	454	98	89	277	180	-54.48	-36.76	-47.74	8671.06	-8843.70	1871.05	272.29	-495.33	-2692.60
106	536	454	84	87	277	178	-59.26	-40.55	-46.64	8617.91	-8439.12	1747.29	-229.17	-635.06	-4144.52
106	536	461	144	90	276	178	-52.54	-43.04	-45.27	8562.61	-7974.76	1728.73	-259.21	-633.01	-5575.70
108	533	452	160	92	274	175	-41.65	-42.04	-41.52	8517.68	-6912.42	1783.89	235.25	-586.76	-6871.51
106	535	456	92	90	271	169	-32.19	-40.62	-32.77	8559.59	-4961.20	1777.30	371.84	-660.27	-7693.84
106	537	460	131	92	270	166	-25.40	-40.36	-21.86	8828.01	-3074.79	1575.03	-200.86	-898.66	-7811.04
105	535	461	203	92	277	162	-18.00	-40.32	-11.90	9230.81	-1541.05	1274.08	-563.36	-1018.18	-7386.09
105	535	458	113	86	269	165	-9.13	-39.86	-4.64	9630.67	-423.00	1034.18	-346.79	-874.07	-6698.29
104	532	458	91	91	272	170	-1.00	-39.72	0.12	9893.94	354.75	909.47	-78.35	-694.96	-5799.57
106	534	456	126	89	272	166	4.70	-40.89	2.02	10103.84	678.61	901.79	-142.24	-502.42	-4837.14
104	531	455	133	91	271	171	1.06	-43.04	1.39	10294.85	575.08	971.11	-317.88	-334.09	-4026.44
106	530	453	227	90	272	175	-3.33	-44.34	-0.19	10483.71	300.53	1058.95	-328.08	-189.09	-3470.82