97	533	453	104	95	283	192	-53.50	-73.49	-14.49	15965.76	-3707.79	2819.58	-159.65	-22.57	-750.12
96	531	453	152	98	281	191	-53.36	-73.29	-14.64	15963.67	-3750.20	2849.40	-96.46	-31.64	-817.81
99	531	455	95	98	272	189	-52.61	-73.35	-14.59	15970.29	-3737.29	2876.53	-27.39	-49.26	-914.02
96	533	457	127	97	284	188	-51.26	-73.62	-14.36	15981.57	-3673.03	2925.50	-27.62	-96.04	-1004.82
97	532	453	146	96	285	189	-49.79	-74.00	-14.07	16012.09	-3596.18	2974.23	-57.99	-171.84	-1090.08
97	532	448	168	100	262	187	-46.43	-74.62	-13.47	16050.69	-3431.97	3034.71	-50.14	-289.25	-1186.02
99	531	452	100	96	267	185	-39.80	-74.75	-11.99	16081.16	-3012.97	3085.18	-111.23	-425.59	-1230.37
99	533	452	138	94	282	182	-32.47	-74.02	-9.15	16110.70	-2207.32	3093.32	-319.72	-659.36	-1080.20
98	535	449	232	92	282	182	-26.14	-72.71	-4.61	16158.56	-943.55	2971.25	-881.69	-981.44	-521.89
95	536	450	102	91	282	186	-20.53	-70.87	0.14	16196.23	372.22	2788.09	-1583.00	-1172.12	695.15
98	535	449	93	92	282	190	-15.39	-68.40	4.18	15945.02	1474.21	2664.69	-2226.80	-1296.71	2298.74
97	537	454	159	95	284	201	-11.27	-66.05	6.40	15303.77	2012.10	2632.65	-2850.26	-1641.43	3822.16
98	538	452	253	101	281	219	-5.87	-63.52	6.82	14556.38	2035.50	2503.22	-3140.00	-2060.45	5269.40
96	537	455	91	101	286	242	-13.27	-57.12	5.84	13562.76	1686.12	2351.06	-3292.15	-2328.78	6644.28
99	536	449	73	96	267	259	-21.30	-51.92	2.32	12148.22	813.62	2160.90	-3761.04	-2689.64	7950.41
96	534	449	138	95	276	266	-26.10	-49.03	-5.70	11008.81	-733.47	1931.06	-3521.34	-3151.76	9191.24
100	531	459	261	95	264	269	-28.15	-46.05	-12.32	10084.57	-1796.59	1732.91	-2572.67	-3483.27	10370.03
99	534	455	98	97	228	271	-34.62	-42.66	-19.56	9103.34	-2783.96	1383.86	-2721.09	-3689.56	11489.88
97	532	449	134	99	266	271	-40.73	-40.04	-30.69	8111.58	-4283.16	1016.27	-3031.33	-3933.03	12349.33
97	531	455	171	96	255	270	-42.94	-37.92	-40.66	7366.20	-5707.41	654.05	-2356.07	-4140.73	12279.82
97	531	456	169	101	271	269	-46.72	-35.75	-48.70	6829.29	-7060.44	169.35	-2075.21	-4176.44	11745.13
100	533	454	77	100	271	268	-51.69	-33.05	-55.35	6331.62	-8345.81	-301.12	-2197.75	-4011.62	10929.47
95	531	448	140	98	265	268	-54.82	-30.24	-60.78	5872.44	-9566.92	-741.26	-1944.47	-3769.34	9676.45
99	531	458	198	101	264	266	-55.50	-27.41	-65.41	5395.82	-10726.98	-1121.20	-1083.99	-3504.97	7988.82
98	531	451	97	95	272	266	-57.67	-24.24	-68.79	4918.63	-11477.23	-1373.54	-691.54	-3170.72	6204.53
96	531	451	133	92	266	264	-60.46	-20.98	-71.68	4498.50	-12244.57	-1506.26	-633.67	-2732.04	4444.00
98	532	449	253	98	266	257	-61.67	-17.76	-74.93	3947.37	-13084.74	-1551.75	-290.78	-2360.04	2583.40
98	530	453	107	96	264	250	-61.85	-14.57	-77.45	3430.00	-13571.70	-1526.36	272.46	-2014.93	815.83
99	530	449	67	95	270	239	-63.13	-11.82	-78.74	3114.90	-13637.12	-1477.64	498.33	-1638.74	-863.36
101	532	454	143	96	262	221	-64.79	-9.20	-79.99	2801.36	-13645.86	-1299.36	384.67	-1314.40	-2458.59
100	531	451	158	97	284	205	-65.35	-7.68	-80.92	2593.29	-13800.57	-1143.99	553.03	-1091.98	-3974.06
101	530	450	100	94	266	192	-64.22	-5.85	-81.52	2398.03	-13506.54	-1034.39	1157.28	-890.38	-5413.76
99	528	446	161	97	284	183	-58.12	-3.37	-81.93	2199.72	-12830.61	-843.27	1500.92	-794.56	-6781.47
99	529	450	244	92	281	176	-50.44	-3.00	-82.03	2056.54	-11973.28	-627.71	1454.72	-826.43	-8080.79
100	531	451	101	99	278	169	-41.71	-3.10	-82.09	1923.31	-11107.82	-434.72	1641.94	-967.56	-9315.16
99	531	446	101	99	267	161	-31.36	-3.37	-81.87	1782.55	-9810.63	-261.59	2091.64	-1118.33	-10487.80
100	533	448	160	94	272	158	-22.59	-4.49	-81.48	1582.02	-8002.30	-82.71	2209.46	-1498.37	-11601.81
99	535	443	151	95	269	155	-16.09	-7.04	-77.70	1707.12	-5963.83	-231.57	1652.83	-2075.90	-12660.12
99	538	443	89	92	271	149	-9.62	-9.05	-70.71	1860.96	-4027.29	-495.59	1084.84	-2455.35	-13320.61
101	536	445	149	91	269	152	-1.71	-10.29	-53.28	2214.51	-2187.58	-887.41	1020.30	-2585.44	-12988.98
99	537	450	240	95	273	150	4.82	-10.00	-19.93	2463.99	-439.85	-1079.44	843.79	-2344.81	-11755.28
101	537	443	153	95	273	161	10.57	-9.34	16.75	2640.39	1028.75	-1090.87	696.75	-2018.72	-10082.77
99	536	448	113	94	272	168	15.79	-8.76	40.57	2677.17	2340.51	-1083.73	527.21	-1800.89	-8172.53
100	537	445	146	91	271	165	20.51	-7.76	53.78	2663.31	3514.88	-1056.54	359.45	-1507.84	-6125.55
102	537	439	260	94	273	174	24.23	-6.77	60.76	2586.94	4357.74	-936.51	96.83	-1233.35	-4180.92
101	536	449	159	95	278	180	27.37	-6.32	63.44	2525.80	4718.45	-842.49	-220.47	-1041.13	-2333.53
100	535	450	93	95	281	186	29.31	-4.91	65.23	2374.71	4754.53	-692.36	-493.29	-830.93	-578.50
101	537	450	145	93	285	196	21.00	-4.32	62.69	2268.97	4080.80	-558.35	-692.33	-681.38	1088.77
97	537	454	141	95	279	211	13.91	-3.49	55.25	2147.52	2947.56	-344.83	-687.11	-507.26	2672.68
98	538	459	247	97	278	226	6.04	-2.95	26.86	1967.75	1161.78	-150.59	-951.56	-446.80	4177.40
98	534	454	98	96	282	233	0.19	-3.42	-26.36	2084.56	-534.70	-97.46	-681.38	-471.51	5053.58
97	533	458	97	97	279	239	-3.42	-3.73	-50.18	2401.73	-2146.37	-75.78	154.04	-313.63	5203.20
98	534	458	149	94	281	239	-8.12	-4.74	-54.01	2879.05	-3172.85	12.60	467.34	-98.50	5201.99
99	532	458	160	96	282	239	-13.73	-6.49	-54.29	3399.49	-3931.01	173.97	314.47	33.27	5115.84
100	536	460	269	94	286	238	-17.77	-8.44	-54.71	3892.32	-4693.06	313.48	502.05	30.76	4838.40
97	535	457	140	98	280	236	-20.52	-11.51	-53.19	4392.90	-5090.01	365.00	1026.55	-40.73	4344.28
97	537	456	96	97	281	231	-23.98	-15.20	-50.62	4908.06	-5240.90	379.75	1281.87	-102.99	3870.57