106	550	466	222	100	285	191	-49.94	-72.06	-14.90	15781.20	-3778.86	3187.70	277.49	394.30	589.23
108	550	468	128	92	283	190	-49.68	-71.96	-14.94	15787.54	-3789.52	3215.52	272.82	389.08	571.22
106	550	467	238	97	281	192	-49.67	-71.79	-15.03	15788.56	-3816.24	3242.34	239.18	374.43	551.76
110	548	471	154	94	279	192	-50.05	-71.44	-15.27	15799.73	-3890.03	3289.62	183.97	355.36	514.97
109	548	467	84	97	278	192	-50.77	-70.56	-15.84	15784.55	-4052.73	3368.94	88.62	360.84	451.82
111	548	467	131	95	277	193	-51.65	-69.08	-16.99	15720.12	-4367.69	3530.69	-45.66	343.05	327.23
107	548	466	150	96	279	191	-52.61	-67.33	-18.65	15617.91	-4824.51	3745.36	-163.53	262.74	71.27
106	546	470	153	91	280	191	-53.60	-66.12	-20.27	15514.62	-5273.88	3948.49	-279.95	63.51	-421.84
108	548	467	80	95	276	189	-54.08	-65.32	-21.63	15398.29	-5641.19	4110.47	-267.85	-183.27	-1093.60
108	549	464	132	96	277	182	-54.83	-65.03	-22.68	15248.57	-5900.53	4235.74	-358.96	-487.36	-1954.52
106	547	461	223	95	275	185	-56.08	-65.57	-23.30	15096.54	-6025.70	4285.76	-600.11	-873.94	-3026.50
107	548	467	89	97	280	181	-57.22	-67.49	-23.19	14907.92	-5910.82	4218.47	-902.51	-1296.99	-4287.62
105	550	472	78	98	281	177	-59.21	-69.99	-22.81	14671.52	-5698.48	4042.35	-1122.68	-1701.59	-5642.34
108	550	468	145	93	274	174	-48.31	-71.93	-21.74	14410.14	-5281.35	3816.83	-1131.75	-2057.66	-6993.92
106	550	472	125	92	270	169	-39.67	-70.76	-19.10	14134.44	-4446.48	3555.99	-1453.41	-2325.83	-8282.63
104	551	475	85	90	266	165	-32.67	-68.74	-14.92	13800.12	-3254.36	3291.39	-2074.29	-2621.74	-9506.90
107	553	474	134	90	265	160	-24.60	-66.30	-8.85	13519.31	-1719.24	2902.42	-2348.83	-2914.90	-10669.95
105	558	477	140	91	266	156	-15.34	-63.50	-1.45	13257.54	5.07	2328.70	-2175.63	-3003.30	-11041.65
105	556	476	87	88	263	158	-8.18	-60.18	5.89	13017.27	1643.17	1869.46	-2328.15	-2902.54	-10690.57
108	556	473	147	88	263	157	-2.27	-57.71	9.43	12810.80	2406.41	1733.39	-2536.04	-2702.96	-9950.94
103	558	478	244	88	266	162	3.72	-56.17	11.45	12678.06	2833.49	1729.92	-2363.94	-2438.26	-9203.10
105	557	474	94	89	263	161	10.29	-54.01	14.32	12490.76	3438.21	1732.02	-1968.20	-2212.95	-8464.59
106	556	474	90	88	269	165	16.86	-51.41	19.11	12305.22	4482.10	1632.42	-1597.69	-2067.60	-7554.26
106	555	471	136	88	272	167	22.22	-48.75	24.79	12144.96	5787.60	1406.00	-1557.30	-1904.72	-6285.05
108	561	472	177	87	270	169	26.06	-45.91	29.38	11928.11	6861.02	1218.30	-1818.14	-1665.49	-4679.10
105	557	474	90	89	275	169	29.65	-43.38	32.29	11680.31	7504.77	1140.99	-2013.63	-1401.21	-2823.49
104	559	478	112	88	278	172	33.61	-41.46	34.10	11420.49	7841.93	1109.34	-1948.70	-1166.70	-1043.97
108	559	474	189	92	286	172	37.39	-40.30	35.24	11166.87	7987.83	1074.27	-1847.71	-959.77	646.58
105	561	474	148	93	283	180	40.21	-40.29	35.43	10949.92	7886.84	1088.16	-1733.88	-761.53	2252.60
107	559	475	93	90	280	186	41.81	-41.25	35.19	10723.23	7660.90	1131.75	-1600.68	-565.80	3778.32
106	560	475	130	89	279	196	41.15	-42.64	34.46	10521.07	7326.65	1189.16	-1304.80	-349.46	5227.76
105	562	482	192	88	284	205	39.57	-42.47	33.91	10231.01	6987.52	1316.90	-1038.01	-115.54	6604.72
106	562	487	141	92	286	212	35.83	-40.44	33.41	9804.86	6581.74	1478.46	-925.06	-1.46	7912.83
106	560	482	91	90	281	224	28.06	-36.77	31.16	9181.62	5683.46	1666.94	-1074.51	-5.39	9155.54
110	559	485	89	89	283	238	20.00	-33.85	25.55	8530.14	4252.48	1806.79	-1178.73	-101.57	10336.11
103	554	481	138	92	282	242	13.63	-31.09	15.98	7934.63	2510.66	1893.65	-881.29	-102.19	11457.66
101	552	486	192	96	282	243	8.06	-28.58	5.55	7409.30	1021.93	1909.17	-435.53	-101.98	12123.02
102	549	478	92	94	284	249	0.75	-26.60	-5.33	7092.83	-297.77	1848.31	-573.65	-54.98	12576.57
107	548	480	91	92	278	249	-5.80	-24.86	-18.99	6883.39	-1921.28	1863.29	-703.27	24.52	12745.94
105	546	473	139	90	280	248	-9.72	-23.42	-30.65	6742.22	-3463.62	1911.33	-203.16	77.09	12295.60
102	548	477	229	96	280	248	-13.43	-22.62	-38.26	6636.11	-4637.64	1998.76	193.00	27.09	11512.52
103	544	470	100	94	282	248	-18.35	-22.30	-43.73	6679.11	-5736.75	2113.22	126.40	-24.57	10630.99
103	541	466	83	92	279	244	-23.50	-21.97	-48.14	6749.35	-6826.12	2234.76	-92.67	-56.89	9644.14
106	545	465	137	91	284	244	-27.27	-21.84	-52.16	6752.28	-7929.41	2359.62	-26.84	-186.45	8424.08
109	545	463	261	94	281	242	-30.46	-22.11	-54.69	6744.27	-8718.94	2416.24	146.91	-377.92	6960.33
104	543	460	99	94	281	236	-34.24	-22.60	-56.19	6778.45	-9290.19	2391.63	160.61	-528.73	5510.26
103	544	461	77	91	281	227	-38.54	-22.50	-57.51	6769.33	-9772.68	2350.25	-30.12	-555.29	4033.45
103	542	457	139	93	279	219	-42.46	-22.29	-59.15	6687.47	-10304.25	2300.94	-215.41	-641.88	2340.28
105	542	460	232	92	286	210	-44.32	-22.23	-60.30	6612.49	-10673.84	2217.89	158.06	-708.33	584.86
106	545	458	96	92	283	202	-45.47	-22.84	-60.54	6507.27	-10594.54	2120.19	679.60	-744.82	-1082.78
104	542	456	85	93	281	196	-48.35	-25.72	-59.83	6458.10	-10202.22	1959.79	1141.17	-734.72	-2667.04
105	542	456	146	95	279	185	-36.84	-29.00	-58.49	6429.00	-9606.51	1844.00	1417.17	-721.79	-4120.84
104	543	458	168	90	274	180	-26.53	-29.10	-55.07	6562.95	-8585.78	1651.20	1703.11	-586.00	-5317.15
105	544	456	84	92	273	172	-17.94	-28.85	-48.76	6865.60	-7117.69	1498.44	1664.20	-447.85	-6133.54
108	545	462	120	92	277	167	-11.27	-29.02	-40.60	7273.52	-5614.41	1470.71	1364.39	-373.16	-6472.46
106	543	456	228	93	276	167	-4.94	-29.76	-32.11	7755.24	-4323.09	1396.98	1075.02	-342.40	-6429.84
106	539	454	122	96	272	167	1.18	-31.20	-25.17	8254.68	-3389.33	1366.13	930.42	-306.58	-6079.55
105	537	452	94	92	265	168	5.89	-33.49	-21.29	8637.35	-2903.87	1415.22	860.55	-222.05	-5576.07
104	535	444	129	96	273	174	6.10	-36.57	-19.46	8970.48	-2719.27	1518.26	798.97	-223.70	-5139.57
107	528	446	249	97	270	175	4.00	-39.57	-18.42	9307.16	-2656.31	1614.15	765.97	-268.86	-4791.29
105	529	436	145	96	271	176	3.17	-42.56	-17.13	9671.40	-2545.89	1669.64	770.83	-279.12	-4497.97
105	527	437	86	94	274	176	3.85	-45.26	-15.74	10010.03	-2394.60	1699.36	768.63	-242.51	-4217.12
103	524	439	127	97	276	176	5.99	-47.62	-14.25	10331.12	-2205.47	1724.59	789.90	-193.69	-3937.72
105	525	439	241	90	278	176	8.13	-49.76	-12.86	10657.37	-2024.40	1743.76	793.86	-120.95	-3651.78
104	527	440	136	95	274	179	9.34	-51.52	-11.72	10947.10	-1868.98	1766.57	766.56	16.39	-3374.69
104	525	440	83	93	272	184	8.98	-53.09	-10.93	11182.74	-1762.93	1827.04	715.09	120.72	-3114.81
103	524	438	124	93	276	184	7.47	-54.57	-10.45	11425.61	-1712.98	1913.09	668.03	172.69	-2871.32
104	526	439	147	96	274	184	6.17	-55.94	-10.01	11658.13	-1666.73	1998.04	662.88	225.80	-2644.35
109	526	440	155	95	272	183	4.71	-57.07	-9.69	11866.82	-1635.79	2102.54	624.14	274.86	-2442.68