84	528	459	74	101	271	183	4.17	-76.04	-0.28	16021.21	257.33	3965.01	451.28	99.22	-845.86
82	529	453	138	96	273	184	3.16	-76.00	-0.45	16012.75	211.46	3968.16	406.77	110.66	-870.06
83	529	457	101	99	274	182	2.01	-75.82	-0.73	16000.91	134.89	3992.96	444.48	106.28	-944.86
81	529	448	81	102	272	181	3.47	-75.63	-0.52	15995.47	192.94	4040.11	559.55	67.07	-1074.42
83	531	456	148	100	276	177	7.55	-74.43	1.17	16000.29	653.90	4080.10	511.63	24.91	-1166.90
86	529	455	237	105	277	171	10.55	-72.09	4.95	16023.48	1693.60	4090.90	-77.95	-54.93	-971.85
87	529	447	158	99	276	171	12.34	-70.17	8.73	16178.91	2767.12	4068.95	-986.66	-164.34	-275.11
85	531	455	106	100	276	172	14.75	-67.93	12.54	16157.56	3853.16	4143.90	-1563.22	-266.92	764.10
85	529	450	142	95	275	175	17.94	-66.11	16.23	15967.88	4886.91	4229.71	-1804.71	-567.37	2180.29
86	532	451	152	99	278	181	21.17	-64.56	19.45	15634.29	5736.56	4224.42	-2016.93	-961.96	3709.63
83	532	446	176	100	280	193	22.91	-62.35	21.77	14997.17	6191.73	4257.80	-2423.63	-1358.61	5162.50
85	533	456	104	99	276	218	21.30	-58.33	22.57	14094.11	6053.35	4306.11	-2870.60	-1890.83	6542.72
87	532	455	141	96	276	246	14.57	-53.79	21.87	12956.41	5399.88	4347.01	-3126.37	-2521.24	7853.93
87	531	460	193	98	286	258	7.02	-49.28	19.32	11505.79	4250.48	4291.66	-3239.00	-3006.92	9099.59
87	531	461	162	100	277	266	0.92	-45.76	13.93	9996.70	2730.96	4157.87	-2951.40	-3540.08	10282.96
87	531	459	111	99	276	268	-5.86	-42.65	6.44	8615.46	1269.21	3868.18	-2835.53	-4040.22	11407.16
86	529	463	132	98	278	269	-12.98	-40.10	-6.09	7500.49	-432.65	3548.97	-2950.65	-4414.31	12475.15
89	530	457	254	97	277	271	-20.29	-37.97	-21.08	6516.67	-2049.42	3110.12	-3150.92	-4762.20	13124.14
86	532	455	115	96	275	273	-26.80	-36.58	-35.04	5922.43	-3585.35	2468.42	-3132.32	-5034.99	12981.53
89	531	458	97	99	276	271	-32.65	-34.47	-46.46	5443.91	-5044.48	1702.20	-2946.11	-5028.24	12320.41
89	532	454	157	100	277	272	-38.66	-31.54	-55.52	4972.92	-6421.85	909.89	-2893.95	-4772.58	11394.39
90	529	454	169	98	273	271	-44.92	-27.71	-62.85	4474.67	-7739.16	235.59	-3077.31	-4250.75	10191.07
91	529	457	101	98	277	270	-49.13	-23.35	-69.19	3877.34	-8990.60	-250.99	-2925.59	-3620.61	8561.61
92	529	453	158	100	278	266	-50.51	-19.21	-74.66	3218.27	-10179.47	-611.04	-2127.31	-3050.33	6495.13
90	529	460	232	96	280	266	-50.98	-14.83	-79.15	2509.76	-11016.50	-888.69	-1149.84	-2491.16	4531.98
89	527	457	112	99	276	260	-51.80	-10.56	-82.93	1835.27	-11765.08	-1022.25	-433.45	-1905.50	2666.98
92	527	451	129	94	275	251	-51.25	-6.61	-85.78	1276.30	-12435.22	-1005.14	469.27	-1324.28	895.23
91	528	456	167	99	280	233	-49.28	-3.27	-87.89	814.09	-12699.66	-829.88	1575.01	-921.97	-787.93
92	531	459	178	102	281	215	-47.15	0.79	-89.53	439.98	-12419.28	-649.99	2525.06	-627.57	-2386.94
91	528	460	102	98	280	196	-41.86	4.52	-90.40	249.39	-11853.11	-474.89	3104.20	-426.69	-3905.99
96	530	460	152	101	275	185	-34.83	6.99	-91.71	-9.08	-11125.86	-206.74	3562.59	-391.10	-5349.09
93	532	457	168	99	276	176	-25.93	7.53	-93.13	-241.63	-10167.36	29.59	4038.86	-561.15	-6720.04
95	532	452	178	94	276	171	-17.71	6.38	-93.67	-251.35	-8767.00	180.51	4206.07	-796.69	-8022.43
94	532	458	103	98	273	164	-10.90	5.04	-94.92	-300.18	-7030.05	268.89	3872.62	-1064.26	-9259.71
95	531	456	127	96	273	159	-4.37	3.52	-96.30	-295.97	-5356.34	233.44	3509.84	-1351.09	-10321.73
93	530	454	152	98	270	159	3.00	1.59	-96.53	-100.77	-3450.18	71.77	3445.89	-1636.09	-11032.79
96	526	457	216	95	272	160	9.17	-0.10	-93.47	214.07	-1639.32	-179.02	3130.60	-1784.28	-11267.70
92	526	452	100	96	266	159	14.23	-1.24	-46.41	575.16	81.00	-270.47	2698.47	-1781.92	-10981.22
94	525	456	98	101	266	158	19.65	-2.21	67.47	907.60	1715.30	-332.14	2542.35	-1746.42	-10194.31
93	526	454	149	99	270	160	24.28	-3.10	74.06	1172.42	3267.88	-430.14	2251.53	-1747.85	-8823.49
91	528	454	247	100	277	163	27.13	-3.35	76.85	1364.00	4742.84	-545.03	1559.10	-1636.81	-6743.97
91	526	452	115	98	273	164	29.10	-2.93	79.41	1372.20	5889.90	-499.78	830.30	-1447.32	-4768.42
91	525	454	99	100	276	169	30.30	-2.27	81.55	1240.59	6438.40	-235.59	234.08	-1333.15	-2891.65
90	528	458	157	102	281	175	28.86	-2.75	82.15	1164.36	6360.28	37.59	-396.32	-1461.75	-1108.71
95	526	459	237	101	281	181	20.93	-3.17	81.27	1157.54	5690.87	332.71	-1056.76	-1453.56	585.07
91	526	458	155	101	278	190	10.40	-2.80	80.50	1024.67	4461.12	575.08	-2111.72	-1426.13	2194.17
92	526	456	104	100	275	199	1.62	-4.00	74.01	983.43	2599.67	717.52	-2669.23	-1732.62	3722.81
90	525	457	125	101	278	211	-3.18	-6.04	29.70	1205.66	831.28	657.45	-2048.52	-2130.74	4316.07
93	524	452	148	101	280	214	-8.20	-8.33	-30.97	1634.78	-447.08	434.97	-1430.04	-2375.36	4436.12
96	530	448	223	107	281	213	-14.86	-10.11	-46.16	2133.64	-1541.73	280.82	-1474.04	-2381.64	4364.71