102	530	437	167	100	275	193	-67.26	-80.10	-11.21	16218.61	-2814.45	1187.02	587.24	-202.02	-940.52
102	528	439	160	104	274	195	-68.12	-79.88	-11.31	16228.68	-2846.13	1166.06	439.62	-173.02	-887.84
103	529	441	176	99	275	192	-68.60	-79.33	-11.60	16228.85	-2929.02	1168.96	377.54	-127.27	-894.35
102	525	443	176	97	273	194	-67.98	-79.40	-11.57	16226.00	-2919.97	1177.31	466.27	-119.81	-975.03
101	529	437	114	101	275	193	-57.64	-79.18	-10.39	16288.30	-2592.77	1160.25	460.65	-100.67	-1054.58
101	529	436	171	98	272	193	-50.15	-78.41	-8.87	16366.49	-2169.13	1239.43	131.47	-63.63	-901.65
98	527	437	270	102	268	190	-43.89	-77.79	-7.44	16440.16	-1769.48	1394.26	-153.15	-103.15	-585.62
100	531	436	132	98	271	186	-36.86	-76.49	-5.08	16456.96	-1100.80	1579.35	-342.85	-227.65	-174.64
103	530	437	117	95	274	186	-30.17	-74.87	-1.30	16396.71	-32.96	1696.78	-716.20	-530.66	687.54
105	532	439	171	95	274	186	-24.38	-73.67	2.07	16279.87	910.09	1726.54	-1289.19	-927.23	2230.87
100	533	437	271	99	277	189	-19.66	-72.82	4.02	15894.68	1427.78	1781.82	-1876.03	-1377.37	3757.67
103	532	436	129	99	274	198	-17.53	-73.15	4.38	15268.74	1478.19	1854.93	-2251.98	-2032.80	5208.14
101	530	440	110	97	272	216	-21.76	-72.52	3.30	14606.10	1157.48	1832.38	-2214.63	-2758.51	6586.08
101	530	438	174	102	276	237	-27.52	-68.62	2.23	13821.40	858.21	1691.16	-2173.40	-3183.03	7895.13
102	531	444	219	99	272	253	-34.15	-62.25	-0.70	12486.53	185.70	1451.60	-2377.43	-3466.48	9138.72
100	530	445	123	100	265	265	-39.04	-58.58	-8.34	11229.80	-1264.99	1186.22	-2417.26	-3920.26	10320.13
105	529	446	173	99	272	269	-39.57	-55.98	-15.37	10374.51	-2427.74	933.11	-1319.55	-4369.90	11212.23
100	528	452	270	102	275	273	-41.35	-51.25	-20.63	9409.59	-3084.35	807.86	-675.77	-4493.40	12226.62
100	532	448	131	97	265	275	-46.79	-47.02	-29.57	8075.71	-4059.33	753.26	-1138.78	-4755.73	13253.63
103	532	456	129	97	272	279	-52.09	-45.09	-40.55	7144.32	-5494.77	527.80	-1591.04	-5221.34	13673.35
101	533	448	174	101	265	278	-55.75	-42.98	-50.86	6187.10	-6858.43	27.61	-1495.04	-5607.43	13336.23
101	531	446	169	98	266	277	-60.34	-40.05	-57.98	5463.55	-7870.31	-669.37	-1475.84	-5657.16	12639.87
97	530	448	120	100	265	280	-66.37	-36.29	-66.20	4479.17	-9065.39	-1373.50	-1985.80	-5530.20	11802.28
103	530	443	164	96	261	278	-71.69	-32.09	-71.58	3859.41	-10250.52	-2065.03	-2396.96	-5041.24	10495.07
98	531	447	167	98	263	278	-74.01	-26.54	-76.40	3167.44	-11376.40	-2611.78	-2161.81	-4224.58	8585.11
102	532	449	119	94	260	272	-74.84	-20.44	-81.38	2260.87	-12381.17	-3025.19	-1616.27	-3327.80	6517.46
105	530	445	169	98	258	264	-75.04	-14.41	-85.32	1451.23	-13306.52	-3333.93	-1018.55	-2356.96	4553.18
105	528	444	183	95	261	259	-72.79	-8.47	-88.02	831.66	-14077.19	-3538.23	177.27	-1304.21	2687.12
102	528	446	116	98	258	251	-69.88	-2.90	-89.91	356.88	-14355.13	-3538.12	1544.51	-380.40	914.37
100	529	448	164	98	266	240	-66.95	2.30	-91.62	-74.96	-14059.97	-3174.41	2234.88	257.92	-769.75
103	529	447	181	97	268	215	-65.24	3.57	-91.90	-135.81	-13775.77	-2785.09	2518.19	539.63	-2369.66
104	530	444	174	100	270	199	-63.32	3.76	-91.77	-91.02	-13360.19	-2450.64	2682.78	710.04	-3889.58
103	529	446	121	98	270	192	-60.58	3.95	-91.89	-104.67	-12893.78	-2090.91	2827.24	759.09	-5333.50
101	529	445	157	94	271	187	-55.60	3.31	-91.83	-70.24	-12295.49	-1733.56	3071.98	738.79	-6705.22
103	531	448	276	96	279	179	-46.78	3.22	-91.98	-78.13	-11550.91	-1357.48	3639.33	555.15	-8008.36
102	530	445	130	98	269	170	-35.39	2.54	-92.48	-136.22	-10476.57	-1123.61	4351.81	282.84	-9246.35
101	533	447	113	98	270	161	-23.42	1.17	-93.32	-209.61	-8996.74	-1011.83	5053.87	-143.60	-10422.43
104	534	443	172	96	268	161	-13.73	-0.73	-94.16	-219.93	-7252.30	-1073.44	5184.58	-652.32	-11539.71
102	533	443	207	94	268	158	-6.50	-2.79	-95.34	-195.73	-5317.49	-1191.57	4800.05	-1181.76	-12315.22
103	535	443	118	94	266	155	0.29	-5.29	-96.19	-73.55	-3413.26	-1528.59	4310.50	-1781.72	-12468.01
104	537	440	172	98	266	156	7.11	-7.08	-94.02	197.33	-1604.25	-2007.96	3881.47	-2137.03	-11889.31
103	536	441	278	96	273	155	13.17	-7.91	-70.67	411.26	114.31	-2471.76	3390.90	-2256.13	-10549.94
105	537	440	176	98	271	159	18.40	-7.82	80.99	558.30	1746.95	-2754.37	2912.55	-2168.62	-8618.15
102	535	447	117	97	270	162	22.63	-7.23	84.06	637.79	3247.20	-2749.45	2449.03	-1980.64	-6548.89
103	537	441	163	102	274	161	24.92	-6.81	86.05	606.90	4281.44	-2587.18	1677.53	-1902.01	-4583.10
103	529	442	277	99	276	172	25.95	-7.12	86.39	617.55	4817.57	-2376.22	771.40	-1958.41	-2715.59
101	531	441	182	101	279	174	25.75	-7.86	86.18	632.67	4801.89	-2124.61	5.93	-2016.14	-941.46
100	529	442	122	98	276	180	27.83	-6.53	86.83	573.44	4653.79	-2037.58	-1016.97	-2035.23	743.96
99	530	449	166	101	275	187	12.31	-5.23	90.06	330.97	4006.90	-2103.30	-2604.52	-2204.07	2345.11
98	524	444	177	99	275	196	-1.35	-5.38	95.50	111.22	2643.16	-2346.94	-3979.89	-2428.67	3866.21
101	523	445	205	97	274	207	-10.28	-5.74	136.31	-230.54	872.60	-2685.99	-4297.05	-2732.63	5311.25
100	522	441	124	101	275	216	-14.30	-6.38	-116.27	-231.01	-809.43	-3164.69	-3269.65	-2896.35	5298.29
100	520	440	168	103	275	219	-19.19	-6.65	-96.96	54.34	-1955.56	-3530.85	-2511.11	-2720.43	5033.72
99	522	441	269	107	275	218	-25.76	-7.33	-86.71	519.22	-2888.98	-3655.91	-2486.76	-2438.16	4901.83
99	522	444	128	100	273	219	-29.88	-8.41	-80.38	1059.46	-3948.33	-3675.12	-2077.97	-2275.05	4454.74