95	499	430	98	97	268	173	16.76	-72.39	3.91	15371.55	1363.25	4672.42	120.72	214.55	-1023.22
93	497	429	151	96	274	170	16.58	-72.42	3.91	15383.57	1362.29	4658.80	49.33	236.38	-1036.11
93	496	432	103	98	265	172	15.84	-72.30	3.79	15378.59	1330.97	4658.26	14.36	269.01	-1065.60
93	495	431	99	100	264	172	15.57	-72.13	3.67	15381.66	1298.42	4691.95	102.90	276.26	-1140.57
93	495	432	139	95	270	171	17.42	-71.71	4.16	15396.38	1431.50	4766.35	239.95	241.19	-1256.44
91	500	434	207	96	280	172	20.24	-70.35	6.17	15464.76	1969.53	4834.63	108.90	192.33	-1303.82
95	497	432	159	94	271	167	22.29	-68.56	9.07	15523.32	2758.05	4894.10	-341.34	117.87	-1104.68
94	498	431	104	98	267	164	24.64	-66.99	12.26	15583.15	3646.75	4990.00	-675.22	-54.73	-632.75
94	501	426	120	97	273	160	27.43	-65.31	16.01	15584.00	4710.61	5091.50	-840.71	-291.74	198.74
94	501	433	139	95	275	163	29.84	-63.84	19.43	15471.00	5673.68	5168.92	-1051.58	-599.55	1443.15
98	501	434	201	93	282	169	31.25	-62.51	22.14	15188.04	6377.00	5243.48	-1408.25	-952.68	3009.35
92	504	435	105	93	272	176	31.45	-61.42	23.62	14686.24	6610.55	5361.70	-1761.59	-1414.84	4497.23
99	506	440	106	93	272	185	30.52	-60.17	24.54	14023.13	6585.42	5436.62	-2085.16	-2024.45	5910.72
94	507	441	148	92	278	204	22.11	-58.68	23.81	13327.57	6066.55	5351.79	-2746.25	-2659.13	7253.53
92	508	436	169	93	275	220	13.22	-55.65	20.62	12376.19	4864.82	5122.00	-2946.79	-3172.07	8529.20
95	509	440	104	92	275	240	5.26	-52.58	15.43	11372.98	3381.18	4879.10	-3043.30	-3594.32	9741.09
98	509	448	127	94	277	249	-1.89	-50.39	8.48	10423.74	1838.92	4632.34	-3029.88	-4125.60	10892.39
94	510	442	151	93	276	249	-7.63	-49.04	-1.22	9733.95	134.37	4229.72	-2643.54	-4647.12	11600.62
99	508	441	172	92	275	254	-12.33	-47.20	-11.71	9096.05	-1484.94	3779.84	-2043.56	-4972.02	11813.29
94	510	442	93	91	277	255	-18.49	-45.33	-21.13	8515.45	-2829.90	3319.05	-1895.93	-5205.06	11782.42
97	509	440	135	96	271	251	-26.37	-43.30	-31.15	8040.08	-4326.80	2730.89	-2313.34	-5292.31	11511.30
100	509	432	219	90	278	255	-32.49	-40.64	-39.75	7645.87	-5748.86	2078.75	-2316.72	-5122.50	10648.94
96	509	440	103	94	270	249	-36.52	-37.67	-46.82	7229.78	-7014.02	1472.21	-1868.88	-4860.62	9294.94
96	510	445	123	93	275	244	-40.99	-34.42	-52.18	6844.49	-8053.32	970.00	-1630.69	-4481.59	7700.64
96	509	442	152	93	272	244	-45.79	-30.98	-57.08	6494.87	-9182.45	550.30	-1677.60	-3990.76	6014.21
97	509	444	158	94	277	238	-48.66	-26.88	-62.02	5993.52	-10317.53	321.59	-1414.47	-3379.32	4075.10
100	509	442	95	92	273	229	-49.89	-23.36	-65.16	5593.45	-11029.05	144.31	-743.00	-2852.36	2232.95
102	508	441	142	97	277	214	-52.17	-19.39	-66.89	5237.17	-11157.20	7.09	-254.05	-2272.54	482.90
101	511	440	226	98	281	201	-54.23	-16.50	-67.91	4977.11	-11106.34	-47.26	25.45	-1706.76	-1179.65
99	509	440	121	96	274	187	-55.11	-13.97	-68.38	4766.46	-10849.82	-71.50	487.33	-1140.37	-2759.06
100	511	443	100	96	273	181	-55.33	-11.76	-68.68	4513.34	-10377.93	-60.53	1104.01	-680.85	-4259.51
99	510	438	147	95	275	172	-42.68	-10.13	-67.70	4345.47	-9446.03	-47.30	1754.96	-273.36	-5684.93
96	507	441	208	100	275	166	-33.49	-8.87	-64.90	4265.60	-8060.73	20.67	1732.46	74.71	-7039.09
99	512	441	105	92	270	163	-26.21	-7.85	-59.91	4324.32	-6551.89	118.43	1358.64	459.17	-8233.93
102	511	441	99	92	269	162	-20.56	-6.79	-52.64	4305.30	-4868.90	272.71	725.91	762.61	-8964.54
99	509	440	141	94	273	160	-15.07	-7.15	-41.05	4479.83	-3276.85	478.88	228.21	805.93	-9339.26
100	508	438	213	92	274	157	-9.15	-7.89	-24.72	4893.24	-1765.01	670.93	-16.25	910.54	-9365.35
98	505	437	147	98	269	159	-4.52	-8.16	-9.38	5246.78	-478.16	988.39	-299.08	1132.41	-9037.33
97	505	436	97	97	267	164	-1.06	-9.13	0.69	5510.04	396.55	1493.77	-527.83	1184.59	-8545.46
98	503	437	119	94	269	163	2.96	-10.95	8.74	5841.34	1181.12	1990.88	-483.39	1051.36	-7980.84
98	506	432	135	95	271	163	7.47	-12.82	16.87	6172.07	2104.66	2389.73	-372.92	833.59	-7286.15
95	509	437	225	94	278	166	11.77	-14.37	24.78	6481.07	3172.23	2696.05	-377.17	615.26	-6361.89
97	508	440	116	97	267	164	15.76	-15.99	31.56	6709.62	4249.82	2907.84	-487.31	310.00	-5158.70
95	512	446	108	100	269	165	19.82	-17.64	36.18	6925.93	5155.73	3022.25	-524.80	13.05	-3653.91
98	512	439	143	98	274	167	23.22	-19.04	39.57	7028.44	5865.14	3120.34	-631.96	-265.00	-1970.32
98	515	440	194	94	281	168	26.28	-20.75	41.56	7080.42	6315.08	3161.72	-779.86	-560.05	-233.45
99	510	437	173	96	276	178	27.97	-22.61	42.21	7028.59	6405.53	3209.04	-970.12	-832.00	1416.57
96	514	443	108	95	275	184	17.73	-25.52	40.10	6931.56	5890.25	3089.18	-1733.51	-1038.25	2984.09
98	511	446	128	101	275	193	7.98	-24.84	33.41	6757.19	4571.34	3042.12	-2389.54	-1112.74	4473.24
98	513	440	149	97	278	197	1.39	-24.48	21.06	6488.73	2704.37	2923.02	-2216.66	-1399.35	5433.88
93	511	439	179	100	282	202	-1.57	-24.38	5.51	6508.89	930.76	2693.27	-1086.28	-1560.48	5432.58
97	514	443	110	99	272	203	-5.63	-24.94	-4.41	6692.45	-158.98	2525.00	-370.41	-1606.21	5119.80
98	515	447	99	103	277	202	-11.33	-25.84	-12.11	6998.62	-1097.23	2456.15	-361.89	-1600.10	4767.91
97	512	441	147	97	278	200	-16.43	-27.24	-17.02	7380.29	-1824.37	2376.35	-305.35	-1575.84	4267.37
100	513	439	177	94	279	196	-20.17	-30.17	-18.17	7809.88	-2121.95	2318.13	-72.58	-1601.25	3691.70