184	564	520	223	189	260	205	-1.52	-62.96	-2.22	14509.72	-217.95	7216.36	766.31	-14.23	1593.86
184	564	520	223	189	260	205	-1.53	-63.01	-2.29	14492.03	-233.46	7226.94	779.74	-50.87	1610.72
184	564	520	222	189	260	206	-1.48	-63.26	-2.28	14486.43	-231.18	7226.20	753.71	-111.38	1626.73
184	564	520	222	189	261	206	-2.02	-63.56	-2.35	14495.51	-249.42	7216.49	672.82	-177.71	1627.65
184	564	520	223	190	261	207	-2.77	-63.97	-2.44	14476.73	-270.75	7189.66	508.43	-257.62	1619.06
184	564	520	222	190	261	207	-3.43	-64.72	-2.43	14457.49	-267.22	7125.58	296.81	-377.39	1603.61
184	564	519	222	190	261	207	-4.53	-65.67	-2.46	14441.42	-272.65	7005.50	-0.23	-496.02	1607.73
184	564	520	222	189	262	208	-6.79	-66.38	-2.83	14440.15	-365.02	6903.42	-253.67	-596.07	1633.24
184	564	520	222	190	263	208	-8.97	-66.91	-3.33	14482.34	-491.37	6825.25	-424.64	-675.47	1645.93
184	565	519	222	190	265	208	-10.83	-67.21	-3.85	14560.62	-624.40	6765.99	-527.65	-700.39	1647.93
184	564	519	222	190	265	208	-12.60	-67.20	-4.40	14659.59	-768.38	6731.09	-612.42	-669.42	1596.49
184	565	519	222	190	265	208	-13.66	-67.01	-4.88	14728.81	-896.16	6713.94	-587.05	-608.85	1530.61
185	565	519	222	190	266	209	-13.88	-66.78	-5.19	14766.37	-978.76	6685.84	-460.10	-528.01	1437.73
185	565	520	222	190	265	208	-13.56	-66.70	-5.32	14790.65	-1014.22	6657.55	-317.14	-465.41	1316.65
185	565	520	222	190	265	208	-13.09	-66.79	-5.33	14812.92	-1017.71	6612.47	-235.59	-423.74	1193.81
185	565	519	222	190	265	209	-12.89	-66.93	-5.34	14803.27	-1020.22	6581.45	-229.06	-430.55	1077.37
185	565	520	222	190	265	208	-12.56	-67.35	-5.29	14810.91	-1008.21	6533.17	-240.85	-484.87	986.45
185	565	519	222	189	266	209	-12.52	-67.79	-5.30	14817.16	-1011.40	6490.91	-251.16	-550.98	935.58
186	565	520	222	189	266	208	-12.48	-68.31	-5.26	14839.90	-1003.43	6425.57	-285.50	-605.08	908.00
187	566	520	221	189	268	211	-44.79	-72.31	-13.74	15953.73	-3485.85	3955.53	-1048.26	-1853.64	257.02
187	566	520	221	189	267	212	-45.26	-72.34	-13.91	15978.04	-3541.16	3940.35	-1001.25	-1835.31	189.07
187	566	520	221	189	267	212	-45.37	-72.45	-14.06	16026.94	-3598.10	3959.54	-904.78	-1821.54	89.61
187	566	520	221	189	268	212	-45.18	-72.58	-14.21	16082.39	-3655.79	3990.76	-791.24	-1825.76	-77.32
186	566	520	221	189	267	212	-45.32	-73.34	-14.23	16114.67	-3668.61	3959.82	-724.53	-1921.43	-321.70
187	566	521	221	188	266	212	-54.13	-75.09	-13.70	16096.54	-3508.57	3730.63	-918.06	-2038.10	-592.47
187	567	521	220	186	268	211	-63.76	-75.07	-13.35	16096.51	-3406.75	3181.30	-1307.00	-2114.80	-841.99
187	570	523	220	186	269	210	-72.67	-73.14	-12.98	16273.08	-3342.41	2277.63	-1599.85	-1949.96	-1034.19
187	571	526	220	185	270	207	-80.65	-68.80	-12.69	16453.43	-3296.89	1137.15	-1761.01	-1263.96	-1180.28
187	571	527	221	185	272	203	-87.49	-61.88	-12.38	16509.56	-3216.04	48.29	-1724.06	69.44	-1236.37
186	571	528	221	185	272	200	-93.04	-54.23	-12.36	16319.88	-3170.84	-790.32	-1547.16	1704.32	-1228.45
186	572	528	220	184	268	197	-98.02	-46.41	-12.63	15844.89	-3142.50	-1316.40	-1436.60	3257.45	-1292.48
186	571	528	220	185	261	194	-101.57	-36.41	-13.52	15014.44	-3196.77	-1441.18	-1671.97	4732.93	-1553.70
187	570	529	220	186	254	192	-100.47	-24.93	-14.92	13947.52	-3295.34	-1055.73	-2436.62	6134.63	-1955.97
187	566	528	221	185	249	193	-97.99	-15.00	-17.94	12714.94	-3675.37	-117.14	-2923.74	7466.25	-2344.42
187	559	526	221	185	242	194	-93.34	-6.08	-20.69	11404.40	-3848.60	1285.72	-3096.85	8731.29	-2760.35
187	550	524	222	185	238	195	-88.07	1.37	-22.36	10282.18	-3759.57	2859.78	-3212.71	9831.32	-3101.38
186	541	523	223	186	236	196	-85.08	5.45	-24.12	9294.47	-3679.19	4355.14	-3841.62	10167.61	-3437.06
185	542	523	224	187	236	198	-81.22	7.52	-27.08	8456.34	-3820.23	5775.74	-4004.99	10083.42	-3571.91
185	545	522	224	189	235	199	-76.66	8.27	-29.83	7524.53	-3789.42	7125.30	-4004.59	9599.95	-3547.06
186	544	522	225	192	235	199	-70.87	6.54	-31.62	6865.70	-3688.75	8407.38	-3582.11	8605.16	-3362.61
185	543	523	225	194	239	200	-67.06	3.10	-34.34	6160.81	-3647.31	9449.61	-3583.71	7095.85	-3211.53
185	547	524	225	196	241	201	-63.42	-1.41	-37.97	5574.57	-3757.95	10415.33	-3485.67	5375.91	-3060.50
185	550	524	225	196	243	202	-58.53	-6.14	-42.10	5050.64	-3928.85	11128.97	-2903.59	3601.21	-2843.43
186	551	525	226	196	245	202	-53.03	-10.87	-46.30	4508.31	-4035.81	11674.52	-2109.26	1782.75	-2641.96
187	550	523	226	196	248	204	-50.29	-14.32	-51.35	3791.70	-3990.22	11951.59	-1941.70	55.21	-2616.66
186	549	522	226	193	251	206	-49.17	-17.41	-56.34	3295.71	-4115.50	11945.01	-1892.76	-1585.95	-2596.78
186	550	522	227	191	256	209	-49.45	-21.14	-60.16	2988.33	-4293.93	11550.56	-1632.52	-3145.05	-2745.04
184	551	521	226	188	260	214	-51.67	-25.57	-61.92	2819.31	-4326.43	11024.83	-1607.45	-4626.20	-2985.84
184	555	529	226	185	262	217	-55.47	-30.80	-63.03	2732.74	-4380.51	10376.39	-1472.42	-6033.29	-3285.84
185	561	540	227	184	264	222	-62.27	-35.92	-63.18	2657.11	-4262.09	9616.57	-1330.35	-7370.02	-3591.70
184	568	545	226	184	265	228	-45.48	-40.66	-61.91	2650.45	-4006.78	8687.14	-1209.09	-8639.92	-3803.12
185	575	546	225	187	267	236	-30.91	-46.22	-57.98	2897.33	-3766.44	7635.79	-1418.93	-9846.33	-4061.06
184	579	547	225	188	268	241	-16.48	-51.16	-53.98	3161.86	-3555.32	6507.40	-1403.98	-10992.41	-4288.81
184	581	546	223	189	269	247	-2.35	-54.78	-48.83	3431.97	-3208.95	5187.43	-1056.64	-11915.44	-4364.82
185	581	545	221	190	270	252	10.40	-56.48	-42.04	3798.37	-2790.71	3696.45	-781.15	-12375.92	-4192.93
185	581	545	221	191	271	254	23.12	-56.60	-36.71	4219.65	-2564.57	2173.63	-445.80	-12401.92	-3921.78
185	581	545	220	191	271	254	35.49	-55.56	-31.78	4637.47	-2333.14	530.95	21.64	-12150.77	-3622.34
184	581	544	219	191	272	254	46.31	-53.59	-26.76	5149.60	-2095.88	-1134.00	301.26	-11615.33	-3319.57
185	580	544	219	191	273	253	55.99	-50.13	-23.31	5636.12	-1951.09	-2715.70	387.45	-10668.27	-3095.20
185	580	542	220	191	273	247	41.06	-45.33	-21.16	6134.71	-1912.14	-4121.31	753.93	-9282.86	-2942.24
185	579	543	220	191	274	238	28.41	-39.05	-19.32	6535.17	-1841.53	-5349.25	1463.23	-7477.41	-2836.27
184	579	541	220	191	273	229	16.14	-32.37	-17.61	6915.62	-1756.45	-6277.98	2010.92	-5465.19	-2800.31
185	576	540	220	190	272	219	5.19	-26.55	-16.80	7223.84	-1747.03	-6866.69	2550.02	-3553.58	-2843.04
185	573	537	221	190	268	209	-4.28	-21.69	-16.33	7421.24	-1743.48	-7113.15	3219.62	-1737.55	-2944.19
185	568	536	221	189	261	199	11.74	-17.64	-15.61	7435.58	-1651.70	-7069.69	3919.69	-12.33	-3168.88
185	566	533	220	190	255	192	24.75	-15.41	-14.92	7325.00	-1530.72	-6804.41	4606.91	1626.64	-3455.14
185	565	531	219	188	251	190	29.26	-9.83	-12.48	7111.55	-1167.38	-6260.79	5071.31	3183.66	-3881.93
185	566	529	220	188	246	190	29.20	-5.98	-8.48	6955.17	-654.01	-5398.55	4637.75	4374.38	-4417.13
185	566	527	220	188	242	190	25.62	-2.88	-5.96	6658.02	-327.91	-4241.82	3628.31	5000.16	-4971.13
185	562	523	220	187	239	190	22.44	-0.57	-3.01	6483.51	10.48	-2983.93	2671.74	5506.40	-5332.27
185	557	517	220	187	239	191	20.25	0.42	0.87	6377.74	426.76	-1630.93	1993.85	5751.08	-5377.86
184	553	513	218	184	240	193	17.29	1.19	4.94	6027.25	826.62	-88.99	1122.26	5669.98	-5355.91
184	549	512	217	183	242	195	16.49	-1.23	6.65	6181.49	1016.49	659.66	830.50	5323.63	-5010.22
184	548	513	218	183	244	196	13.48	-4.01	6.77	6326.61	1045.86	1439.68	132.62	4815.80	-4714.71
183	549	514	217	185	246	196	10.41	-7.99	4.09	6662.08	786.37	1870.90	-223.61	4268.91	-4307.27
182	548	514	218	186	248	198	9.16	-11.88	2.90	7068.18	675.85	2316.15	-210.43	3857.71	-3900.76
182	546	514	218	187	248	198	8.00	-15.12	1.82	7441.97	560.46	2579.14	-85.46	3562.62	-3557.57