182	561	517	222	189	249	206	-19.81	-65.04	-10.25	14715.23	-2268.59	5960.74	431.66	2468.29	-1129.60
182	561	518	222	189	249	207	-19.63	-65.14	-10.10	14769.87	-2239.36	5930.91	388.88	2468.87	-1134.77
182	561	518	222	189	248	206	-20.25	-64.83	-10.09	14805.98	-2241.79	5923.96	248.29	2494.08	-1172.63
182	561	518	222	188	248	206	-20.90	-63.92	-10.35	14849.48	-2317.70	5986.16	183.27	2561.27	-1222.45
182	560	518	223	189	248	207	-19.78	-62.41	-10.41	14840.20	-2331.02	6158.45	372.86	2685.46	-1274.23
182	559	518	222	188	246	207	-17.71	-60.00	-9.74	14736.19	-2140.07	6563.93	391.42	2786.84	-1387.36
183	559	519	222	188	240	206	-16.56	-57.16	-8.59	14375.98	-1787.86	7277.13	93.95	2647.05	-1494.45
183	559	520	222	188	237	211	-13.92	-55.45	-7.02	13920.38	-1339.27	8273.88	198.45	2109.54	-1379.17
183	559	521	222	189	237	217	-10.69	-55.40	-4.50	13359.76	-691.91	9199.58	350.38	1069.47	-1004.66
183	561	522	222	189	240	223	-8.18	-56.94	-2.57	12746.38	-223.91	9779.40	374.46	-427.66	-414.28
182	563	522	222	190	244	227	-6.50	-59.01	-1.42	12153.66	39.88	10065.83	331.08	-2044.67	329.78
183	565	522	223	190	248	227	-5.72	-61.41	-1.08	11639.37	121.49	10032.34	245.88	-3580.84	1140.59
182	567	523	223	190	252	231	-9.23	-63.92	-2.47	11138.20	-133.98	9735.32	183.79	-5040.20	1984.61
183	568	523	223	190	254	236	-16.35	-66.44	-4.58	10703.70	-498.49	9057.56	296.80	-6426.59	2938.63
183	570	528	223	189	256	239	-25.75	-67.84	-7.58	10166.51	-976.36	8031.48	77.36	-7743.66	3861.25
183	570	537	225	191	256	240	-33.87	-68.90	-12.65	9635.39	-1754.54	6764.70	-23.01	-8994.88	4716.89
184	571	540	226	194	258	242	-41.22	-69.99	-18.24	9129.22	-2566.82	5329.47	-7.11	-10183.53	5489.44
184	572	539	226	196	261	244	-49.17	-70.70	-23.51	8670.55	-3293.87	3551.00	-89.21	-11213.26	6250.22
184	568	537	226	198	264	248	-56.65	-70.48	-29.16	8550.63	-4251.18	1735.05	-281.49	-11764.99	6683.36
183	567	534	226	199	266	250	-62.79	-69.30	-33.53	8645.09	-5174.82	9.89	-237.72	-11928.74	6638.04
183	566	531	226	199	267	251	-68.90	-66.69	-35.38	8953.44	-5787.28	-1629.00	-188.73	-11529.71	6185.59
184	566	529	226	199	267	249	-75.21	-61.31	-36.75	9145.77	-6247.92	-3185.95	-246.25	-10430.47	5634.76
184	566	530	226	199	267	245	-80.83	-54.22	-39.08	9138.88	-6817.12	-4665.05	-303.99	-8909.55	4978.62
184	566	531	226	198	267	239	-85.44	-46.50	-41.51	9101.54	-7425.66	-5924.60	-290.64	-7159.47	4199.29
184	567	531	225	198	266	235	-88.35	-37.99	-44.18	8950.06	-8038.78	-6932.17	5.10	-5205.85	3374.83
183	567	531	224	196	265	233	-90.34	-29.79	-46.85	8642.95	-8531.04	-7786.76	519.14	-3307.20	2434.94
184	565	531	224	193	263	233	-91.48	-22.08	-49.04	8332.41	-8882.09	-8280.42	1102.38	-1503.49	1351.59
184	562	531	222	191	258	228	-91.27	-14.76	-50.83	7960.59	-9028.59	-8447.40	1932.56	210.03	232.66
184	561	531	221	189	253	218	-90.66	-8.25	-51.73	7616.36	-8897.96	-8322.03	2801.69	1837.88	-891.37
184	563	532	221	188	248	204	-84.76	-0.25	-52.25	7192.74	-8523.06	-7911.33	3495.65	3384.34	-1983.30
183	566	533	221	187	244	197	-75.70	6.25	-52.41	6792.30	-8054.71	-7349.56	3913.67	4853.47	-3042.19
184	566	534	221	187	240	192	-67.72	11.31	-51.46	6437.29	-7329.77	-6578.29	3720.84	6034.30	-4187.83
184	565	534	221	187	235	192	-64.40	15.78	-52.52	5777.62	-6766.68	-5317.17	3045.44	6960.73	-5207.99
184	563	532	221	188	231	192	-59.25	19.55	-51.82	5475.94	-6204.75	-4263.91	2726.37	7915.89	-5992.24
184	561	526	222	187	229	192	-54.17	22.36	-50.38	5258.14	-5614.91	-3119.32	2543.00	8713.55	-6556.33
182	561	519	221	188	228	194	-45.70	21.70	-48.96	5081.44	-5121.56	-1848.95	2287.75	9209.22	-6995.41
182	558	518	221	187	225	195	-42.87	22.37	-46.92	4823.37	-4467.69	-423.90	1699.67	9344.56	-7408.04
182	556	519	220	187	224	194	-40.05	22.01	-43.70	4654.80	-3795.10	950.89	1211.58	9265.53	-7579.39
182	553	519	221	187	224	194	-36.27	20.69	-39.72	4490.06	-3120.55	2294.55	1069.85	8919.11	-7474.02
182	554	519	221	188	223	194	-32.01	18.01	-35.14	4317.55	-2470.52	3503.82	1092.46	8192.05	-7171.22
182	555	520	221	190	224	196	-27.42	14.51	-29.09	4142.48	-1785.39	4539.03	1205.24	7201.25	-6651.76
182	556	521	221	191	226	195	-22.82	10.50	-21.29	3940.95	-1072.12	5517.88	1354.03	6026.29	-5914.57
182	557	521	221	191	229	196	-18.34	5.98	-14.78	3722.11	-561.32	6289.18	1601.77	4644.97	-4918.64
182	558	521	222	191	234	200	-14.58	0.07	-8.06	3643.80	-136.05	6664.32	1650.04	3030.07	-3811.61
181	558	521	222	191	239	205	-11.44	-7.23	-2.69	3722.41	174.95	6653.51	1335.78	1473.07	-2639.08
180	559	520	222	190	245	211	-23.79	-15.95	-3.91	3956.69	86.20	6218.83	598.94	135.97	-1573.22
176	562	520	222	188	251	217	-34.70	-23.20	-10.80	4413.65	-445.91	5417.09	-396.30	-1379.08	-890.46
175	564	522	222	187	255	221	-43.18	-28.74	-16.90	5125.77	-1122.61	4518.64	-836.29	-2413.18	-635.04
175	565	530	223	187	257	223	-48.93	-31.65	-19.51	5862.28	-1626.28	3685.50	-566.37	-2672.67	-284.24