186	561	526	227	190	248	210	-11.74	-67.62	-5.06	14656.01	-934.54	6519.31	-374.38	-23.08	756.23
186	560	526	227	190	248	210	-12.04	-67.83	-5.16	14688.61	-963.82	6490.35	-378.96	-61.57	731.07
186	561	526	227	190	248	211	-13.21	-68.07	-5.54	14766.10	-1067.41	6419.19	-406.26	-145.40	670.90
186	560	526	227	190	248	212	-13.72	-68.19	-5.77	14803.80	-1128.04	6391.83	-369.00	-180.43	654.66
187	561	526	227	190	248	212	-13.88	-68.43	-5.90	14834.01	-1166.84	6344.44	-310.35	-213.76	639.22
186	561	527	227	190	248	212	-14.07	-68.72	-5.98	14863.71	-1189.70	6290.02	-282.78	-245.62	616.01
186	560	527	227	190	247	212	-14.58	-69.03	-6.09	14906.32	-1222.81	6224.71	-280.04	-275.89	581.61
186	561	527	227	190	248	212	-14.61	-69.19	-6.14	14948.80	-1240.27	6174.68	-232.94	-269.25	555.43
185	561	527	227	191	248	213	-13.92	-69.15	-6.05	14956.16	-1216.86	6150.14	-153.89	-248.73	538.21
185	561	527	227	191	247	213	-12.89	-69.10	-5.88	14934.95	-1169.42	6142.64	-80.85	-251.50	536.60
185	561	527	227	190	248	213	-11.83	-69.12	-5.62	14910.81	-1102.35	6147.11	-48.31	-296.62	540.57
185	561	527	227	190	247	214	-10.78	-69.37	-5.40	14894.87	-1044.43	6152.15	-7.44	-396.14	588.59
186	561	527	228	190	247	214	-9.98	-69.72	-5.20	14902.92	-993.01	6142.74	19.93	-495.48	653.61
186	562	527	228	190	248	216	-9.34	-70.09	-5.07	14921.98	-962.36	6131.81	76.08	-596.51	739.98
186	561	527	227	190	248	216	-9.09	-70.69	-4.97	14943.88	-938.64	6078.82	84.98	-707.03	829.28
185	561	528	227	190	248	216	-9.73	-71.38	-5.03	14973.48	-956.31	6012.08	28.43	-834.78	899.97
185	561	527	227	190	248	217	-11.05	-72.13	-5.23	15016.21	-1010.69	5912.87	-11.44	-962.49	975.52
186	561	527	228	190	248	217	-13.06	-72.93	-5.49	15051.60	-1080.96	5780.03	-16.42	-1064.37	1040.74
186	562	527	227	190	248	218	-15.14	-73.59	-5.77	15098.62	-1159.11	5629.83	-27.65	-1133.35	1099.16
185	562	527	228	190	248	219	-17.74	-74.05	-6.21	15153.69	-1278.55	5490.13	-44.07	-1185.88	1141.95
186	562	528	227	190	249	219	-19.91	-74.33	-6.66	15207.40	-1404.03	5370.43	-14.26	-1212.64	1165.85
186	562	528	227	191	249	219	-21.76	-74.55	-7.02	15253.23	-1505.82	5257.11	7.35	-1225.81	1171.56
186	562	527	227	190	249	219	-23.16	-74.74	-7.34	15297.97	-1594.73	5163.45	32.78	-1232.77	1162.18
186	562	528	227	190	249	219	-24.11	-74.91	-7.56	15333.07	-1659.20	5085.08	63.99	-1230.73	1139.27
185	562	528	228	191	249	219	-24.63	-75.14	-7.67	15354.62	-1689.24	5010.62	65.84	-1230.99	1108.71
186	562	528	227	190	249	220	-24.99	-75.56	-7.71	15374.89	-1702.17	4932.89	35.40	-1263.09	1079.92
185	562	528	228	190	249	220	-25.48	-75.93	-7.75	15399.34	-1717.07	4847.85	0.83	-1289.79	1058.08
186	562	528	227	190	249	219	-25.54	-76.23	-7.73	15418.58	-1715.01	4771.46	9.04	-1291.90	1058.62
186	562	528	227	191	249	221	-18.71	-76.23	-6.44	15401.09	-1368.62	4471.17	-208.40	-1473.06	1274.46
185	562	528	228	190	248	221	-18.30	-76.31	-6.34	15393.04	-1341.99	4456.01	-263.58	-1525.05	1328.14
185	562	528	227	190	250	222	-18.50	-76.56	-6.35	15389.59	-1341.49	4479.41	-332.10	-1609.30	1415.18
185	562	528	228	190	249	223	-18.88	-77.20	-6.33	15389.11	-1336.42	4474.84	-476.29	-1768.94	1519.33
186	563	528	227	191	250	225	-20.67	-78.34	-6.44	15404.65	-1370.00	4434.90	-753.13	-2022.99	1624.16
186	563	529	228	190	251	226	-25.35	-79.81	-6.88	15447.22	-1491.10	4316.36	-1159.07	-2356.69	1712.55
186	564	530	228	190	253	228	-32.70	-81.16	-7.65	15516.26	-1705.94	4048.74	-1669.27	-2772.55	1729.77
186	566	533	228	190	256	230	-40.87	-82.21	-8.85	15581.45	-2041.05	3604.10	-2132.31	-3303.43	1741.28
186	568	538	229	190	266	231	-50.88	-83.01	-10.00	15691.17	-2376.99	2840.10	-2745.99	-3954.26	1709.37
188	570	543	230	189	273	231	-62.00	-82.58	-11.05	15946.21	-2714.74	1800.49	-3664.94	-4331.69	1500.95
188	574	546	231	190	277	229	-71.61	-79.00	-12.42	16225.70	-3167.61	769.27	-4439.84	-3925.36	1207.00
188	576	548	231	190	278	226	-77.95	-72.89	-13.73	16335.02	-3577.43	-222.60	-4462.30	-2828.49	906.90
188	576	548	232	191	278	220	-82.47	-64.97	-14.48	16339.47	-3800.75	-1020.67	-4029.29	-1135.42	562.51
188	574	547	232	191	272	213	-85.19	-57.57	-15.12	16267.29	-3973.12	-1541.43	-3346.32	559.71	250.38
188	570	545	232	191	264	207	-86.37	-51.04	-15.79	16009.73	-4098.86	-1795.56	-2565.61	2170.07	-143.19
188	568	541	231	191	254	202	-84.28	-45.34	-16.22	15520.64	-4086.92	-1727.58	-1709.43	3699.92	-690.38
188	567	536	231	191	244	200	-77.41	-38.44	-16.39	14954.21	-3967.77	-1412.20	-1009.45	5153.27	-1399.26
188	563	532	230	191	235	197	-70.88	-28.71	-16.26	14070.10	-3674.98	-640.79	-748.93	6533.96	-2192.29
188	560	529	230	190	229	195	-65.28	-20.40	-16.14	13279.99	-3413.23	270.05	-618.59	7817.91	-2942.83
188	559	530	230	190	224	194	-59.64	-13.27	-15.45	12444.19	-3015.77	1502.94	-525.06	8860.96	-3598.59
187	560	532	229	189	219	193	-52.23	-7.10	-13.84	11524.98	-2424.98	2806.80	38.30	9605.67	-4013.11
187	561	534	229	189	215	192	-43.17	-3.65	-10.35	10607.53	-1544.73	4236.06	847.08	9760.68	-4087.25
187	562	534	229	190	214	193	-38.37	-2.98	-5.73	9729.76	-609.90	5501.85	736.78	9179.10	-3922.84
188	562	535	229	190	217	195	-34.34	-4.63	-2.48	9031.67	-44.20	6513.16	619.09	8043.34	-3553.60
187	561	535	229	190	222	197	-29.96	-6.87	0.93	8455.88	466.01	7339.70	677.03	6796.13	-3031.62
187	561	535	229	191	223	197	-25.56	-9.22	4.93	7871.69	984.11	8132.12	795.93	5494.52	-2337.24
186	560	534	229	190	225	200	-21.32	-12.17	8.87	7252.71	1413.90	8791.11	973.49	3962.54	-1395.98
187	559	533	229	190	229	206	-17.51	-16.09	12.18	6712.47	1710.41	9183.55	1108.46	2198.12	-316.53
186	559	532	229	191	236	214	-14.84	-20.39	14.30	6305.45	1856.09	9353.38	1063.14	449.81	749.25
186	560	531	230	190	242	222	-14.31	-25.05	14.48	6033.17	1806.28	9364.31	786.43	-1211.08	1741.94
186	560	531	230	190	246	230	-16.17	-30.11	12.41	5807.32	1539.57	9153.29	621.76	-2788.93	2711.14
185	561	532	229	190	249	234	-20.10	-36.13	9.68	5661.75	1243.59	8775.83	561.27	-4287.88	3661.08
184	562	535	229	189	251	239	-27.66	-41.44	6.46	5536.26	923.01	8228.84	287.96	-5711.89	4418.53
184	563	538	230	189	252	245	-34.75	-45.65	0.68	5449.05	395.06	7587.79	4.31	-7064.69	5015.25
184	563	541	231	190	254	250	-40.42	-49.45	-6.04	5420.80	-205.09	6892.60	69.89	-8349.86	5610.59
184	565	543	231	189	255	253	-46.11	-52.89	-12.47	5387.16	-784.64	5952.77	360.50	-9570.76	6192.06
184	567	544	232	189	258	255	-51.61	-56.13	-18.87	5448.60	-1415.81	4785.93	658.28	-10695.68	6684.81
185	568	545	232	190	259	254	-56.48	-58.30	-24.44	5580.17	-2051.42	3421.64	1121.56	-11501.34	7184.42
186	571	545	232	190	261	249	-60.82	-59.11	-29.63	5772.16	-2760.25	2038.36	1586.38	-11905.27	7624.95
186	573	545	232	191	263	245	-66.23	-59.40	-33.58	6103.95	-3497.43	558.84	1685.11	-12114.36	7807.00
187	573	544	232	191	265	245	-71.35	-58.79	-36.75	6554.35	-4311.76	-690.50	1639.96	-11994.64	7698.10
187	572	544	232	191	265	244	-75.90	-57.29	-38.38	6990.84	-4938.37	-1769.38	1688.71	-11566.41	7373.19
188	573	544	232	191	266	244	-80.61	-55.34	-39.01	7460.70	-5441.65	-2670.51	1598.08	-10911.99	6866.58
187	573	543	231	192	266	244	-85.61	-52.96	-39.16	7887.46	-5819.37	-3540.98	1425.47	-10139.04	6293.40
187	572	543	231	191	265	242	-91.05	-50.01	-39.45	8271.49	-6197.20	-4418.93	1064.20	-9237.39	5644.18
187	571	542	231	191	265	242	-96.23	-50.94	-40.08	8609.11	-6629.54	-5288.99	667.29	-8137.52	4968.37
188	571	541	231	191	265	241	-100.42	-52.84	-40.89	8867.46	-7056.87	-6080.94	398.42	-6786.64	4255.76
187	571	540	231	190	264	240	-103.72	-55.72	-41.70	9000.48	-7387.02	-6761.69	335.05	-5174.36	3531.62
187	570	541	231	190	263	238	-107.10	-59.27	-42.22	9064.06	-7587.07	-7311.01	229.60	-3402.69	2754.84
187	570	541	231	190	260	236	-109.83	-63.33	-42.58	9092.86	-7713.52	-7653.06	167.07	-1594.21	1973.34
187	570	541	230	189	255	230	-110.09	-67.39	-43.03	9032.81	-7787.84	-7624.00	383.97	123.85	1221.53
188	570	541	230	189	251	221	-107.73	-72.03	-43.13	8895.37	-7687.25	-7323.40	846.87	1756.01	502.50
187	567	539	229	188	245	212	-97.90	-76.76	-42.41	8674.40	-7286.09	-6796.83	1318.22	3306.56	-241.57
188	566	537	228	187	241	207	-89.19	-77.87	-41.14	8469.68	-6773.18	-5968.99	1434.56	4439.28	-929.45
188	556	524	224	188	244	213	-7.83	-65.18	-3.67	13476.36	-511.71	7488.38	-76.26	-2410.85	1666.13
187	556	524	225	189	244	214	-8.98	-65.93	-3.99	13586.14	-591.32	7362.96	-110.95	-2463.56	1708.32
188	556	523	225	189	245	214	-10.56	-66.82	-4.37	13711.43	-689.16	7226.01	-155.35	-2489.28	1722.61
188	556	523	225	188	245	214	-12.15	-67.60	-4.80	13833.66	-800.90	7089.51	-152.74	-2487.77	1711.68
188	556	523	224	189	245	215	-12.97	-68.35	-5.03	13958.18	-867.45	6954.24	-115.70	-2455.93	1675.84
188	556	523	225	188	245	215	-14.19	-68.83	-5.32	14065.27	-945.08	6826.72	-144.46	-2388.33	1610.70