189	557	515	220	190	251	215	1.87	-67.48	-1.07	14867.39	62.87	6353.43	250.42	-1307.48	649.07
188	557	515	220	189	251	215	2.51	-67.68	-0.85	14861.02	117.52	6324.56	226.29	-1316.25	665.22
188	558	515	220	189	253	215	2.08	-67.97	-0.91	14873.17	101.85	6307.13	167.18	-1331.39	688.11
188	558	515	221	190	252	215	1.55	-68.26	-1.03	14904.31	72.35	6294.58	143.07	-1336.12	704.80
188	558	515	221	189	252	216	1.52	-68.46	-1.06	14923.09	63.34	6295.85	177.22	-1344.07	735.96
188	558	515	221	189	252	216	1.83	-68.79	-0.96	14944.74	88.97	6272.85	184.71	-1359.06	769.31
188	559	516	221	190	252	216	1.85	-69.21	-0.88	14968.70	107.12	6237.61	129.97	-1384.66	801.00
188	559	515	221	190	252	216	1.27	-69.61	-0.97	14995.27	85.97	6209.93	56.72	-1418.63	837.15
188	559	516	221	189	253	217	0.58	-69.87	-1.11	15034.90	48.27	6196.83	9.44	-1432.90	878.24
189	559	516	221	190	253	217	0.11	-70.02	-1.26	15052.96	9.85	6181.79	25.51	-1421.20	913.78
189	559	516	221	190	253	218	-0.24	-70.20	-1.36	15066.91	-16.44	6156.70	37.44	-1408.59	948.99
189	559	516	221	189	254	218	-0.43	-70.56	-1.38	15074.16	-21.62	6104.27	10.12	-1416.11	987.54
188	560	516	221	190	253	219	-1.31	-70.85	-1.55	15081.05	-66.14	6072.25	-61.99	-1440.70	1029.86
188	559	516	221	190	254	219	-2.46	-71.02	-1.88	15079.40	-150.63	6054.04	-70.94	-1468.07	1082.92
188	560	516	220	190	254	219	-3.30	-71.35	-2.13	15079.23	-216.70	6014.74	-34.29	-1497.62	1140.87
189	559	516	221	190	254	219	-4.32	-71.75	-2.41	15091.07	-287.86	5974.00	-3.93	-1548.79	1200.53
189	560	516	221	190	255	220	-5.71	-72.23	-2.79	15113.51	-386.47	5918.30	10.92	-1609.05	1254.75
188	560	516	221	190	254	220	-7.62	-72.80	-3.18	15171.44	-491.95	5831.79	-26.93	-1670.19	1282.16
188	560	516	220	190	254	220	-9.86	-73.37	-3.60	15217.87	-603.75	5739.60	-87.23	-1725.93	1284.36
189	559	516	221	189	255	221	-12.09	-73.89	-4.01	15271.77	-715.16	5630.62	-147.67	-1765.14	1266.94
189	560	516	221	190	255	220	-14.20	-74.38	-4.38	15324.98	-814.40	5518.29	-203.29	-1783.63	1219.99
189	559	516	221	190	255	221	-15.70	-74.85	-4.60	15363.73	-876.88	5395.17	-222.12	-1769.10	1171.09
188	560	516	221	190	255	221	-16.88	-75.13	-4.79	15380.55	-929.24	5293.81	-248.62	-1735.89	1122.59
189	559	516	221	190	256	221	-17.79	-75.32	-5.00	15405.12	-984.98	5204.12	-225.98	-1689.80	1094.31
189	560	516	221	190	255	222	-18.24	-75.36	-5.16	15423.06	-1031.73	5137.12	-184.79	-1627.61	1076.64
188	560	516	221	190	256	221	-18.32	-75.31	-5.26	15436.71	-1056.34	5089.06	-146.35	-1562.13	1069.31
189	560	516	221	189	256	222	-17.98	-75.28	-5.28	15447.08	-1063.32	5063.01	-103.63	-1508.87	1082.85
189	560	516	221	190	255	222	-9.03	-73.42	-4.09	15383.43	-742.95	4968.25	664.32	-1111.16	1871.64
189	560	516	221	189	255	222	-8.10	-73.20	-4.01	15356.06	-719.20	5010.44	843.51	-1104.70	1979.51
189	560	517	221	190	255	222	-5.86	-72.99	-3.73	15316.66	-645.64	5061.92	1123.53	-1108.92	2156.48
189	560	517	221	190	255	223	-3.48	-72.81	-3.40	15263.03	-554.56	5152.02	1400.56	-1169.52	2392.26
189	560	516	221	190	256	224	-2.07	-73.25	-3.07	15194.67	-464.03	5193.62	1462.73	-1348.99	2657.90
189	560	516	221	190	256	226	-3.47	-74.46	-3.21	15183.14	-499.43	5193.74	1251.54	-1671.69	2915.40
189	560	517	221	190	257	227	-8.03	-75.90	-3.87	15240.18	-675.06	5084.45	903.71	-2020.51	3184.58
189	560	518	221	189	258	227	-15.73	-76.98	-5.00	15308.97	-976.30	4794.63	427.28	-2376.43	3418.30
189	561	520	222	190	260	229	-24.87	-77.06	-6.93	15379.92	-1494.89	4286.50	-189.29	-2744.66	3551.74
189	563	523	222	189	263	232	-35.25	-76.72	-9.14	15561.53	-2118.54	3422.77	-925.92	-3138.33	3503.85
189	565	528	223	189	269	234	-45.64	-74.96	-11.53	15883.65	-2840.62	2323.04	-1759.53	-3193.76	3142.26
189	568	531	223	188	270	234	-54.47	-70.70	-13.91	16183.27	-3592.59	1143.08	-2264.15	-2585.12	2623.95
190	570	534	224	189	270	230	-61.02	-64.39	-15.70	16492.91	-4208.96	-17.67	-2277.89	-1419.42	2080.55
190	571	535	224	189	266	221	-65.36	-57.09	-17.14	16663.66	-4702.71	-801.39	-1943.35	194.45	1430.52
190	571	535	225	189	259	214	-68.60	-50.26	-18.19	16577.08	-5005.77	-1285.12	-1421.23	1823.08	691.34
190	568	534	225	189	252	205	-71.31	-43.81	-19.03	16265.02	-5161.28	-1532.66	-968.17	3370.28	-206.62
190	563	531	225	189	243	201	-72.86	-37.17	-19.84	15681.97	-5204.42	-1570.03	-592.81	4840.11	-1288.34
190	557	527	224	189	235	197	-68.96	-26.68	-20.71	14770.47	-5123.80	-1279.93	-133.37	6236.46	-2449.57
190	553	522	224	188	225	194	-63.40	-17.35	-21.26	13882.35	-4937.21	-776.33	172.45	7562.98	-3656.25
190	554	519	224	188	217	192	-60.02	-9.54	-21.75	12518.43	-4528.15	717.29	9.78	8779.29	-4790.53
190	556	522	224	187	212	191	-51.41	-1.34	-19.96	11145.31	-3593.14	2169.02	782.54	9978.67	-5651.81
190	558	526	224	188	206	190	-43.18	4.62	-14.45	9620.44	-2059.88	3698.92	1262.46	10653.44	-5992.37
189	558	528	224	188	204	190	-36.66	5.95	-6.41	8153.22	-546.69	5152.32	1377.39	10103.66	-5729.50
189	558	528	224	189	209	192	-31.75	3.50	2.12	7019.96	581.64	6342.51	1264.92	8625.88	-5082.72
189	558	528	224	190	214	195	-27.67	0.26	10.81	6056.96	1426.36	7264.18	1046.07	6879.74	-4179.44
189	557	526	225	190	218	197	-24.26	-3.47	18.31	5144.71	1925.64	7994.17	858.92	4973.10	-3055.36
189	556	524	224	190	225	204	-20.58	-7.07	25.03	4360.08	2214.76	8507.66	886.72	3086.05	-1708.90
189	555	522	225	190	235	214	-18.28	-10.19	30.27	3755.87	2331.62	8704.28	707.84	1293.34	-387.25
188	556	522	225	190	243	224	-18.65	-13.16	31.94	3314.08	2192.04	8687.47	277.10	-409.72	843.61
187	557	522	225	190	250	233	-22.27	-16.31	30.26	3069.98	1930.04	8386.29	-131.46	-2027.64	1994.18
186	560	526	225	190	256	241	-29.73	-20.16	25.65	2807.08	1521.14	7983.18	-613.74	-3564.66	3029.02
187	561	531	224	189	261	245	-38.62	-23.88	20.23	2544.32	1148.88	7266.62	-1005.20	-5024.82	3846.17
187	564	535	225	189	267	249	-46.10	-28.59	7.90	2473.71	631.64	6577.69	-1341.84	-6411.98	4502.16
187	566	536	225	189	270	253	-51.20	-32.32	-10.63	2333.62	-42.54	5845.01	-1219.85	-7729.78	5078.20
188	566	536	225	189	271	251	-54.77	-35.90	-28.56	2188.34	-676.22	4973.75	-582.71	-8981.69	5614.84
188	566	536	225	190	273	250	-58.30	-39.40	-42.85	2102.12	-1307.21	3934.87	107.23	-10171.01	6231.10
188	568	536	225	191	274	245	-61.68	-42.47	-55.99	1973.22	-2096.05	2705.32	761.97	-11276.26	6849.95
189	569	534	225	192	275	240	-64.88	-44.82	-66.26	1831.56	-3071.84	1193.66	1377.62	-12181.74	7331.90
188	568	533	225	193	275	240	-69.55	-46.25	-68.58	2034.58	-4002.25	-504.43	1589.14	-12637.16	7505.15
189	567	530	225	194	277	241	-74.63	-45.79	-67.92	2471.85	-4935.14	-2117.60	1572.18	-12477.75	7362.15
188	564	526	224	194	276	242	-79.16	-43.92	-66.18	3012.26	-5734.78	-3650.12	1644.02	-11856.46	6931.79
189	564	525	224	194	275	241	-83.80	-41.25	-63.95	3562.64	-6272.24	-5106.02	1700.72	-10985.29	6320.40
188	564	525	224	194	274	240	-88.78	-37.14	-62.25	4049.51	-6728.23	-6408.32	1609.44	-9748.47	5654.68
188	564	525	224	194	272	235	-92.63	-39.68	-61.55	4448.64	-7260.42	-7453.50	1599.46	-8265.70	4930.94
187	562	525	223	193	269	230	-95.81	-42.48	-61.54	4696.00	-7713.40	-8420.43	1713.79	-6671.12	4033.30
187	563	525	224	194	268	229	-99.29	-46.42	-61.34	4912.80	-8044.53	-9175.20	1690.90	-4828.06	3094.48
187	564	526	223	193	265	231	-101.81	-50.28	-61.89	4963.96	-8332.90	-9637.84	1755.56	-2948.31	2167.76
187	564	526	222	192	262	234	-103.17	-53.41	-63.10	4877.37	-8621.26	-10038.95	2024.83	-1162.54	1214.37
188	562	528	221	190	260	235	-103.39	-56.60	-63.80	4804.70	-8749.39	-10081.20	2464.39	533.94	188.95
188	561	529	221	189	256	233	-101.86	-59.55	-64.28	4696.06	-8721.92	-9875.14	3052.57	2145.59	-825.40
188	561	529	220	188	253	223	-100.05	-62.65	-64.58	4514.86	-8463.43	-9470.19	3727.49	3676.66	-1826.38
188	560	529	220	187	250	212	-88.15	-67.00	-63.82	4413.92	-7964.65	-8883.28	4216.36	5024.83	-2759.41
188	560	529	220	187	246	200	-78.58	-58.18	-62.29	4324.62	-7262.42	-7981.71	4281.30	6113.79	-3617.84
188	559	526	219	186	241	199	-71.36	-50.64	-60.77	4152.99	-6492.70	-6737.23	4047.33	6780.00	-4348.14
188	558	518	219	186	237	201	-64.90	-45.36	-58.03	4061.14	-5639.46	-5373.77	3726.61	7013.65	-4909.04
188	558	513	219	187	237	202	-59.16	-41.99	-53.59	4093.28	-4764.29	-4073.88	3287.38	6920.41	-5205.59
188	557	514	219	187	238	205	-54.25	-40.48	-48.50	4243.02	-4086.28	-2879.78	2897.36	6568.34	-5233.91