190	560	522	223	190	245	212	4.62	-65.28	1.21	14535.77	633.27	6460.54	221.71	-524.29	291.15
190	560	522	223	189	245	213	3.87	-65.75	1.00	14575.38	582.61	6457.31	154.02	-584.48	302.69
191	560	522	223	190	245	214	3.13	-66.29	0.83	14604.41	540.08	6426.85	74.47	-637.80	313.26
190	560	522	223	190	245	214	1.84	-67.14	0.46	14667.29	449.25	6339.22	-74.41	-731.14	332.23
190	560	522	223	190	245	214	1.13	-67.53	0.26	14698.33	399.79	6299.46	-129.19	-751.58	341.01
190	560	522	223	190	246	214	0.41	-67.73	0.02	14724.41	340.60	6283.69	-156.08	-754.60	355.86
190	560	522	223	190	245	215	0.02	-67.89	-0.16	14750.79	293.97	6270.50	-139.73	-747.22	377.77
190	559	522	223	190	246	214	-0.31	-68.10	-0.32	14768.85	253.47	6241.38	-116.49	-735.06	396.93
190	559	522	223	190	246	215	-0.68	-68.26	-0.49	14790.81	210.40	6213.11	-98.96	-717.41	408.29
190	560	522	222	190	245	215	-1.14	-68.38	-0.69	14800.87	158.08	6191.85	-88.17	-707.99	407.87
190	560	522	223	190	246	215	-1.56	-68.56	-0.85	14816.42	118.97	6162.06	-97.66	-700.19	388.83
189	560	522	223	189	246	215	-2.02	-68.79	-1.00	14833.40	79.42	6122.56	-110.28	-689.33	370.39
190	559	522	223	190	246	215	-2.47	-68.91	-1.18	14835.53	35.85	6086.23	-97.76	-668.01	352.62
190	559	522	223	190	246	215	-2.46	-69.11	-1.23	14844.55	21.06	6035.52	-81.77	-642.96	340.89
189	560	522	223	190	246	215	-2.69	-69.15	-1.33	14854.73	-4.99	6008.34	-86.58	-609.26	342.54
189	559	522	223	190	246	215	-2.90	-69.12	-1.46	14865.99	-38.94	5998.72	-55.11	-574.70	355.46
190	559	522	223	190	246	215	-2.60	-69.08	-1.52	14874.89	-53.20	6004.99	13.00	-551.12	373.84
189	560	522	223	190	246	215	-1.96	-69.07	-1.41	14893.75	-26.94	6000.74	52.35	-528.76	388.80
189	560	522	223	190	246	215	-1.56	-69.08	-1.31	14903.06	-1.59	6001.90	32.13	-523.52	398.01
189	560	522	223	190	245	215	-1.22	-69.11	-1.23	14920.90	21.29	6003.21	9.18	-521.35	415.91
190	560	522	223	190	246	216	-0.99	-69.18	-1.19	14941.06	29.63	5998.65	-9.33	-510.68	440.11
190	560	522	223	190	246	215	-0.93	-69.24	-1.18	14967.61	31.34	5983.11	-28.92	-496.20	468.41
189	560	522	223	190	246	216	-1.46	-69.29	-1.27	14991.63	7.58	5963.96	-84.32	-478.79	485.24
189	560	522	224	190	246	216	-2.01	-69.38	-1.39	15014.84	-23.40	5944.16	-153.15	-469.50	493.28
190	559	522	223	190	246	215	-2.77	-69.50	-1.54	15031.70	-62.03	5917.35	-227.30	-470.32	500.71
189	559	522	223	190	246	216	-3.56	-69.60	-1.74	15047.72	-113.33	5899.68	-280.08	-475.21	516.73
190	559	522	223	190	246	216	-3.98	-69.65	-1.90	15064.73	-155.26	5888.90	-288.43	-475.80	556.39
189	560	522	223	190	246	216	-4.61	-69.69	-2.11	15079.50	-210.30	5897.66	-300.16	-494.66	606.62
189	559	522	223	190	246	216	-5.50	-69.87	-2.38	15093.72	-280.79	5895.17	-322.60	-546.62	655.59
189	559	522	223	190	247	216	-6.63	-70.00	-2.74	15116.03	-373.55	5891.21	-334.07	-586.79	693.76
189	559	522	223	190	247	215	-7.54	-70.10	-3.07	15134.23	-461.47	5887.85	-307.72	-622.40	718.97
189	560	522	223	190	247	217	-8.05	-70.30	-3.28	15142.12	-516.00	5865.46	-270.23	-654.43	716.82
189	560	522	222	190	247	217	-8.32	-70.47	-3.41	15127.21	-548.20	5844.19	-255.62	-688.86	695.88
189	560	522	223	190	247	217	-8.23	-70.59	-3.45	15110.45	-557.99	5845.18	-237.34	-732.17	677.39
189	560	523	223	190	247	218	-7.93	-70.74	-3.43	15096.33	-552.89	5842.72	-214.22	-776.61	680.62
190	560	522	223	190	247	218	-7.75	-70.80	-3.48	15064.51	-562.44	5854.98	-171.86	-829.73	713.19
190	560	523	223	190	247	219	-7.06	-71.03	-3.36	15036.89	-529.52	5855.03	-142.42	-907.89	768.43
190	560	522	223	190	247	219	-6.73	-71.45	-3.23	15014.84	-496.24	5844.48	-183.65	-1023.10	867.26
189	560	522	223	190	248	220	-7.48	-72.06	-3.40	15009.50	-540.43	5812.66	-226.61	-1169.04	1007.09
189	560	522	223	190	248	221	-8.95	-72.75	-3.72	15026.03	-622.41	5752.82	-254.03	-1310.34	1154.34
189	560	522	223	190	248	221	-11.13	-73.53	-4.12	15059.92	-728.89	5638.58	-272.28	-1429.57	1283.62
189	560	523	223	190	248	222	-14.26	-74.30	-4.57	15105.13	-847.65	5490.25	-339.52	-1534.69	1372.64
190	560	523	223	190	249	222	-17.96	-74.91	-5.15	15162.47	-1003.66	5316.74	-396.94	-1612.61	1419.91
190	560	523	223	190	249	222	-21.67	-75.39	-5.70	15235.35	-1153.48	5136.90	-444.74	-1648.38	1425.31
190	560	524	224	190	250	226	-68.91	-72.08	-18.75	16035.97	-4997.14	2026.39	-229.40	-1474.51	521.28
190	560	524	224	190	250	227	-68.75	-72.43	-18.56	16033.77	-4938.08	2011.27	-247.43	-1458.79	484.46
190	560	524	224	190	251	227	-68.02	-72.82	-18.35	16017.88	-4870.58	2035.30	-293.31	-1451.70	453.04
190	560	524	224	190	251	228	-66.18	-73.16	-18.09	15967.38	-4775.05	2112.74	-321.05	-1470.91	449.84
190	560	524	224	190	250	229	-64.05	-73.66	-17.83	15891.22	-4672.29	2206.10	-329.99	-1564.87	478.75
190	560	524	224	190	250	230	-61.58	-74.42	-17.50	15820.25	-4551.68	2307.60	-326.49	-1732.22	549.96
190	561	524	224	190	250	231	-60.01	-75.42	-17.22	15773.04	-4452.50	2387.82	-422.52	-1952.26	644.16
190	561	524	224	190	251	232	-60.03	-76.82	-17.01	15760.39	-4386.07	2399.43	-596.59	-2237.00	764.00
190	561	524	224	190	251	234	-62.84	-78.25	-16.97	15786.57	-4383.37	2304.45	-877.46	-2538.75	874.40
190	561	525	225	189	252	235	-68.22	-79.12	-17.12	15857.64	-4449.80	2049.63	-1264.39	-2816.76	946.08
190	562	526	225	190	254	238	-74.51	-78.70	-17.70	15942.56	-4649.11	1568.75	-1697.87	-2994.02	962.18
190	563	528	225	189	256	242	-81.36	-76.95	-18.59	16035.43	-4949.05	751.71	-2119.18	-3037.77	891.52
189	566	533	226	188	260	244	-88.80	-74.12	-19.36	16242.06	-5258.40	-363.67	-2655.72	-2839.88	639.89
189	570	537	226	189	262	242	-95.63	-73.47	-20.29	16561.76	-5665.08	-1502.09	-3206.58	-2235.34	219.35
189	573	539	227	188	263	237	-99.59	-74.61	-21.23	16695.47	-6023.43	-2447.59	-3153.55	-1185.92	-198.27
189	573	540	227	189	262	228	-101.46	-77.95	-21.70	16790.30	-6214.45	-3085.01	-2642.23	271.37	-557.70
189	573	540	227	189	260	218	-101.17	-82.61	-22.11	16773.78	-6344.73	-3285.76	-1920.46	1896.15	-892.07
190	572	539	227	189	255	207	-100.80	-87.12	-22.31	16531.69	-6312.90	-3341.27	-1222.94	3439.70	-1334.82
190	570	537	227	189	249	202	-99.07	-92.35	-22.28	16100.11	-6128.05	-3169.00	-758.84	4891.66	-1972.98
190	567	533	226	188	241	199	-91.32	-83.58	-22.11	15505.90	-5831.05	-2877.75	-446.60	6285.43	-2676.28
190	564	528	225	188	234	196	-84.49	-71.96	-21.92	14748.61	-5467.70	-2209.87	-445.22	7529.41	-3371.91
189	561	524	225	188	226	195	-77.84	-60.89	-21.25	13977.97	-4972.11	-1551.57	-567.36	8791.29	-3901.42
190	558	523	225	188	218	197	-73.42	-49.75	-21.31	13111.28	-4650.71	-617.19	-973.39	9990.07	-4394.35
188	557	527	225	188	210	196	-68.30	-40.07	-21.62	12161.91	-4354.17	757.27	-981.42	10923.97	-4853.13
188	554	529	225	188	206	194	-61.48	-32.18	-20.46	11064.42	-3670.06	2357.75	-705.25	11475.47	-5053.12
188	556	531	225	188	204	195	-55.21	-27.63	-17.88	9916.20	-2758.96	3878.21	-592.54	11169.45	-4922.47
187	557	531	224	188	206	196	-49.72	-27.54	-15.66	8870.19	-2060.01	5322.65	-501.61	9815.72	-4481.79
188	557	532	225	189	213	198	-43.91	-29.50	-13.04	8053.08	-1454.01	6440.92	-244.63	8010.79	-3817.75
188	557	531	224	189	219	200	-38.79	-32.29	-10.97	7314.02	-1020.31	7189.47	-18.45	5971.85	-2993.31
188	556	530	225	188	225	206	-34.87	-35.01	-9.69	6732.92	-760.09	7647.20	37.52	4034.86	-2034.80
188	557	528	225	189	235	213	-31.34	-37.80	-8.61	6314.27	-572.69	7823.64	46.80	2194.71	-1003.06
188	560	527	225	189	247	221	-29.84	-40.32	-9.23	5928.76	-576.65	7867.66	-66.99	446.58	7.19
188	561	528	225	189	251	230	-29.29	-43.91	-9.98	5668.32	-605.02	7561.08	-126.29	-1214.15	1070.63
188	565	532	225	189	254	236	-39.13	-48.91	-11.11	5468.91	-675.97	7119.02	-588.18	-2791.84	2055.10
188	567	536	226	189	258	243	-49.16	-52.91	-13.36	5339.86	-856.57	6444.47	-1257.32	-4290.65	2925.50
188	569	540	227	189	261	250	-57.89	-56.33	-18.39	5267.07	-1307.94	5628.45	-1933.45	-5714.52	3670.07
189	570	543	227	190	266	254	-64.47	-59.76	-23.97	5286.72	-1869.35	4741.83	-2200.63	-7067.19	4331.07
189	571	544	228	191	268	257	-67.91	-62.80	-29.73	5305.78	-2505.48	3854.73	-1778.20	-8352.23	4962.22
189	571	544	228	192	271	260	-71.61	-65.15	-34.18	5227.29	-2990.61	2693.60	-1181.19	-9573.02	5556.31
190	573	545	228	192	275	261	-76.51	-67.21	-38.24	5218.53	-3516.47	1484.72	-989.08	-10662.82	6015.69
190	574	545	228	193	279	261	-80.77	-68.89	-41.73	5332.80	-4125.25	294.88	-815.28	-11538.88	6357.76
190	575	546	229	194	283	260	-83.68	-69.92	-44.53	5641.56	-4887.79	-781.26	-474.36	-12159.33	6464.32
190	575	545	229	194	284	260	-87.92	-69.26	-46.94	5739.88	-5452.00	-2130.40	-342.14	-12436.32	6285.55
191	576	545	229	194	286	261	-92.86	-68.35	-48.51	5958.89	-6028.00	-3490.68	-468.64	-12542.65	5830.77
191	577	545	228	194	286	260	-97.83	-64.30	-49.09	6308.14	-6560.40	-4832.75	-677.01	-12120.92	5278.09
191	577	545	228	194	286	256	-101.72	-62.37	-50.06	6548.34	-7090.78	-6131.71	-698.86	-11166.27	4602.98
191	577	544	228	194	285	248	-104.32	-61.75	-50.99	6708.12	-7535.84	-7338.72	-420.61	-9915.01	3884.08
191	576	544	228	193	283	243	-107.67	-62.97	-51.04	6955.31	-7855.25	-8382.39	-360.58	-8347.51	3094.08
191	576	544	227	193	282	241	-111.15	-65.59	-51.36	7107.15	-8140.29	-9212.67	-445.75	-6430.53	2294.02
191	575	543	227	193	279	237	-113.22	-68.44	-52.12	7169.79	-8452.27	-9803.43	-360.07	-4470.66	1459.77
190	573	542	227	192	273	235	-113.81	-71.18	-52.82	7144.90	-8646.06	-10158.86	134.74	-2608.77	613.63
190	571	541	226	191	267	230	-113.71	-73.87	-52.89	7111.85	-8624.35	-10341.32	815.20	-839.99	-256.75
191	569	539	226	190	261	221	-113.25	-76.10	-53.26	6951.66	-8531.74	-10411.25	1559.59	840.36	-1101.36
191	567	536	225	189	254	211	-112.19	-78.37	-53.36	6737.68	-8277.35	-10203.29	2504.21	2436.70	-1898.19
190	567	535	225	189	248	204	-95.91	-83.74	-52.48	6572.00	-7790.28	-9675.12	3193.20	3953.21	-2707.98
190	567	533	225	188	242	198	-85.80	-84.11	-51.57	6353.20	-7253.37	-8804.37	3491.44	5209.80	-3476.53
190	566	529	224	188	236	195	-77.44	-74.21	-50.29	6015.54	-6507.30	-7504.15	3510.07	6015.21	-4181.21
190	565	526	225	188	233	195	-70.67	-66.56	-48.13	5731.36	-5688.33	-5987.74	3258.82	6389.00	-4715.25
191	563	522	224	188	232	196	-64.56	-61.80	-44.32	5624.19	-4834.52	-4622.15	2892.62	6284.50	-5014.98
190	563	521	224	188	236	200	-60.47	-59.79	-39.97	5728.98	-4188.59	-3415.45	2284.84	5787.02	-5115.88
190	562	521	224	187	240	202	-57.46	-60.15	-36.41	6001.53	-3847.56	-2655.47	1628.15	5128.97	-5041.39
190	559	521	224	187	243	204	-54.42	-61.47	-33.47	6398.86	-3676.38	-2216.70	1358.39	4634.17	-4865.62
190	562	523	223	189	249	210	-0.89	-67.42	-1.53	14215.62	-37.38	5997.46	-713.68	-1320.49	732.09
189	562	523	224	190	249	210	-0.66	-67.81	-1.46	14242.24	-22.71	5959.79	-690.45	-1345.06	757.93
189	562	523	224	190	249	211	-0.67	-68.30	-1.39	14289.72	-5.77	5927.60	-730.13	-1361.61	772.44
189	562	523	224	189	249	210	-1.47	-68.64	-1.53	14349.24	-41.68	5918.22	-776.82	-1363.13	800.22