96	335	335	139	99	246	222	-89.88	-6.50	-84.92	1750.41	-15596.97	85.44	-840.77	863.24	775.23
96	335	335	139	99	246	223	-89.82	-6.47	-84.96	1733.89	-15537.72	113.57	-856.18	837.58	793.02
95	335	336	139	99	245	223	-89.36	-6.45	-85.00	1707.60	-15356.24	163.49	-791.72	804.15	830.92
95	335	336	139	99	244	222	-88.02	-6.34	-85.05	1661.82	-14997.22	252.32	-620.39	771.80	951.17
94	335	335	138	99	243	222	-85.78	-5.40	-85.32	1546.52	-14463.36	345.50	-456.37	716.41	1221.56
93	335	334	137	98	242	223	-85.81	-2.90	-85.96	1340.80	-13927.60	393.23	-741.20	630.64	1611.33
92	336	334	137	98	242	226	-88.28	-0.78	-87.07	1057.76	-13807.22	345.97	-1255.69	455.50	2059.02
90	336	334	137	98	242	229	-90.56	0.70	-87.96	845.87	-14038.45	161.27	-1608.91	207.78	2525.02
88	335	335	137	98	244	233	-92.24	1.49	-88.59	701.58	-14618.53	-141.60	-1770.06	35.79	2966.57
88	335	336	137	98	247	234	-93.38	1.63	-88.80	665.70	-15506.80	-407.32	-1853.81	-36.55	3273.69
88	334	336	137	98	249	235	-95.43	1.29	-88.51	769.41	-16369.86	-659.95	-2226.87	-76.72	3243.40
88	334	337	138	98	252	236	-96.05	0.15	-87.60	1068.94	-17189.77	-838.55	-2256.17	-3.79	2894.18
88	334	338	138	99	254	235	-95.23	-1.51	-86.78	1364.70	-17968.68	-909.63	-1962.71	227.00	2185.12
89	334	339	138	100	256	234	-93.24	-2.93	-86.45	1517.46	-18708.65	-831.94	-1431.38	492.95	1128.92
91	334	340	138	101	258	230	-90.88	-3.29	-86.64	1493.39	-19411.62	-676.55	-828.16	606.41	-255.03
94	333	339	139	102	260	225	-89.03	-2.95	-87.30	1296.52	-20079.44	-557.12	-347.15	634.19	-1880.68
96	333	340	139	102	263	217	-88.49	-1.69	-88.35	940.09	-20681.66	-641.06	-56.09	693.33	-3425.04
98	332	339	140	103	266	209	-88.84	0.27	-89.49	523.29	-21045.78	-911.21	114.66	869.16	-4892.19
99	332	338	141	103	269	200	-88.95	3.03	-90.90	-1.88	-21033.89	-1223.85	482.13	1131.15	-6285.98
100	332	337	141	103	270	193	-89.19	7.18	-92.43	-553.18	-20531.39	-1518.86	1060.32	1480.79	-7610.08
101	333	337	141	101	272	190	-68.95	12.37	-93.91	-1021.52	-19486.02	-1666.11	1479.80	1703.75	-8867.98
101	335	337	140	100	271	191	-55.42	16.05	-95.29	-1380.25	-18157.32	-1657.61	1794.51	1926.97	-10062.98
101	336	338	139	99	271	194	-44.05	18.00	-96.73	-1663.24	-16589.45	-1528.33	2087.29	2129.07	-10994.93
101	337	339	136	99	270	191	-33.92	18.52	-98.30	-1873.47	-14799.98	-1320.71	2323.82	2196.86	-11427.68
101	338	339	134	99	268	189	-25.24	18.20	-100.13	-2020.80	-12834.18	-1141.88	2308.58	2148.87	-11236.95
101	339	340	133	98	268	189	-17.90	17.87	-102.50	-2174.16	-10974.67	-1071.98	2012.95	2071.23	-10397.95
100	340	341	134	97	265	190	-10.53	18.14	-105.76	-2390.65	-9317.74	-1172.38	1844.41	2066.57	-9029.45
100	341	340	134	97	262	191	-2.63	19.43	-110.28	-2725.72	-7944.25	-1151.36	1940.19	2150.99	-7184.83
100	341	341	134	97	258	193	4.48	21.03	-117.11	-3256.83	-6677.64	-1142.00	1953.03	2135.29	-5187.24
99	341	341	135	96	256	197	10.52	24.27	-124.69	-3996.99	-5922.36	-1252.90	1451.92	2105.62	-3289.53
99	342	342	134	97	257	203	1.51	27.03	-128.10	-4732.94	-6126.24	-1337.05	986.63	2047.99	-1486.70
99	341	342	134	98	256	208	-5.10	28.68	-129.07	-5511.49	-6865.53	-1344.20	975.20	2077.54	225.98
98	341	343	135	98	257	212	-12.46	29.29	-127.85	-6193.32	-8066.85	-1415.59	637.14	2101.42	1853.03
97	340	344	135	99	257	222	-20.49	29.49	-126.43	-6778.45	-9301.91	-1471.21	-74.92	2041.25	3398.73
96	339	345	136	100	258	230	-27.58	29.00	-124.52	-7099.73	-10475.21	-1537.05	-614.97	1927.83	4867.15
96	337	347	139	100	258	234	-33.16	29.05	-122.66	-7310.34	-11589.85	-1512.40	-876.72	2034.19	6262.14
96	334	346	141	104	258	235	-39.85	28.46	-121.08	-7492.03	-12648.76	-1427.18	-1541.59	1970.88	7521.93
96	333	343	141	102	259	235	-46.64	27.11	-119.14	-7465.83	-13654.72	-1402.02	-2305.26	1818.39	8295.43
97	332	343	142	105	261	234	-50.17	25.99	-116.00	-6955.13	-14610.39	-1312.12	-2319.75	1948.17	8464.71
97	333	338	143	105	262	233	-52.03	24.98	-113.22	-6467.58	-15518.27	-867.91	-2197.01	2156.46	7994.28
97	334	338	143	105	262	231	-53.67	23.33	-110.74	-5995.00	-16380.75	-227.32	-2203.06	2167.49	7046.41
97	333	339	143	105	263	229	-54.87	21.21	-109.00	-5704.45	-17200.12	337.65	-2094.01	1927.81	5774.84
98	333	340	143	105	263	224	-56.53	19.22	-107.95	-5560.03	-17863.71	647.17	-2036.91	1608.97	4323.35
98	336	340	143	105	265	221	-59.02	17.69	-107.69	-5586.22	-18222.93	759.01	-2081.86	1241.87	2757.83
98	337	341	143	105	266	218	-61.96	17.06	-107.93	-5706.11	-18334.78	667.66	-2128.52	935.33	1215.19
97	337	343	142	104	267	212	-64.69	17.63	-108.48	-5841.01	-18144.84	589.88	-2107.04	790.56	-269.87
98	337	343	143	104	267	207	-68.05	18.94	-109.12	-5894.16	-17631.40	372.78	-1948.99	713.24	-1528.83
98	338	344	142	102	267	203	-72.77	21.20	-109.80	-5876.05	-16909.83	182.74	-1822.84	705.82	-2512.28
97	339	344	141	102	265	201	-79.61	23.04	-110.25	-5729.45	-16102.94	-11.79	-1776.00	851.98	-3136.42
97	340	345	141	103	263	201	-87.13	24.95	-110.65	-5562.57	-15310.99	-175.00	-1906.85	1082.08	-3433.95
97	341	345	140	104	261	203	-89.28	25.91	-110.88	-5425.65	-14758.24	-242.05	-1922.46	1203.83	-3515.30
97	342	346	141	103	261	204	-89.52	25.47	-110.84	-5232.36	-14284.33	-299.35	-1645.48	1229.14	-3414.09
97	342	346	141	104	261	205	-88.87	23.81	-110.36	-4959.15	-13925.31	-284.98	-1380.76	1248.78	-3198.18
98	341	345	142	104	261	206	-88.73	21.72	-109.49	-4634.79	-13704.05	-226.73	-1340.87	1249.79	-2947.32