109	359	350	156	109	264	218	-90.32	-11.88	-78.28	3752.33	-16141.06	50.10	-1000.79	998.66	2207.21
109	359	350	156	109	263	218	-90.39	-11.81	-78.36	3703.51	-16030.61	26.40	-948.80	970.23	2205.10
109	359	349	156	109	263	218	-90.69	-11.87	-78.43	3644.94	-15831.08	2.48	-957.81	919.57	2242.80
109	360	349	156	109	263	218	-90.98	-11.93	-78.53	3562.09	-15579.93	-5.05	-988.27	834.49	2369.21
109	360	349	156	109	264	218	-91.25	-12.05	-78.69	3461.39	-15304.53	-23.99	-982.16	697.36	2580.55
109	360	349	156	108	264	219	-92.05	-12.21	-78.81	3362.52	-14982.30	-32.79	-1139.85	561.25	2894.92
109	360	348	156	107	265	221	-93.72	-12.03	-79.24	3232.79	-14924.19	-41.95	-1563.11	408.73	3332.02
109	360	349	156	108	266	223	-93.65	-12.18	-79.74	3166.95	-15310.78	-27.06	-1570.15	210.10	3746.07
109	359	349	155	108	267	226	-92.34	-12.28	-79.93	3189.20	-15748.44	-50.10	-1193.99	106.04	4091.42
110	358	348	156	109	270	229	-91.95	-12.22	-80.06	3264.14	-16382.82	-23.00	-1076.74	64.84	4298.30
110	357	349	156	109	272	232	-91.80	-12.27	-80.42	3292.54	-17202.08	41.35	-1068.36	-50.10	4255.73
110	356	350	156	110	275	234	-90.59	-12.96	-80.61	3362.11	-17980.37	29.68	-725.24	-324.80	3749.25
111	355	351	157	111	276	235	-89.16	-13.08	-80.83	3411.80	-18719.75	-36.20	-261.73	-457.46	2657.13
111	355	351	156	111	277	233	-87.49	-12.35	-81.76	3194.01	-19422.16	-114.79	270.41	-522.08	983.58
112	354	351	157	111	279	230	-86.25	-11.62	-82.85	2896.91	-20089.46	-256.65	748.79	-625.38	-704.00
113	354	351	158	110	280	219	-86.01	-10.10	-84.16	2489.47	-20723.38	-454.62	1012.30	-600.31	-2307.20
113	354	352	158	110	281	208	-85.68	-7.66	-85.44	2046.19	-21146.61	-685.09	1308.19	-333.15	-3830.24
113	355	352	158	109	280	198	-84.56	-3.91	-86.77	1538.08	-20997.48	-865.83	1882.63	107.66	-5277.13
114	355	351	159	108	280	190	-83.88	1.18	-87.95	1072.38	-20293.81	-977.54	2553.84	529.33	-6651.67
114	356	351	158	106	279	187	-66.40	6.89	-88.87	720.56	-19195.52	-999.86	3141.15	847.16	-7957.49
114	358	350	158	106	278	191	-53.49	9.03	-89.50	494.13	-17805.74	-993.67	3441.49	1104.00	-9198.02
115	359	351	157	105	278	196	-42.87	10.53	-89.98	339.63	-16395.85	-946.39	3423.57	1365.90	-10154.46
115	360	351	155	105	277	195	-33.58	12.01	-90.64	161.84	-15082.66	-815.87	3429.24	1560.76	-10718.04
114	361	351	153	103	276	194	-24.78	12.73	-91.35	1.15	-13697.73	-662.27	3492.68	1653.27	-10950.59
114	361	350	152	103	275	193	-16.71	13.03	-92.12	-133.11	-12263.24	-535.36	3466.05	1695.71	-10804.26
114	361	350	152	103	274	194	-9.87	13.07	-93.06	-261.85	-10786.28	-450.39	3203.44	1701.97	-10243.55
114	362	352	151	103	272	194	-4.29	13.01	-94.23	-387.76	-9397.56	-391.87	2721.47	1668.52	-9273.02
114	363	353	151	103	271	195	1.04	13.14	-95.96	-554.17	-8164.09	-297.68	2327.15	1608.55	-7914.42
113	363	353	152	103	270	195	6.61	13.68	-98.78	-799.26	-6999.68	-184.40	2148.24	1535.62	-6174.45
113	364	353	151	103	269	197	11.73	14.53	-103.75	-1179.10	-5846.90	-125.98	1915.63	1414.99	-4227.37
113	364	354	150	102	267	199	15.84	16.63	-111.23	-1742.54	-5007.15	-138.08	1406.35	1240.34	-2377.66
112	364	356	150	102	268	202	4.42	20.32	-117.85	-2407.22	-4852.39	-212.37	913.18	1002.37	-620.42
112	364	358	150	102	268	206	-4.31	21.08	-119.86	-2935.46	-5359.78	-389.15	548.42	778.35	1048.95
111	363	359	151	103	269	210	-12.62	21.63	-119.84	-3385.08	-6149.79	-562.30	78.10	727.44	2634.85
111	362	359	151	104	269	217	-20.35	21.65	-118.84	-3872.63	-7303.70	-654.58	-471.71	662.26	4141.46
110	361	360	153	104	270	224	-27.64	21.11	-117.50	-4305.80	-8576.91	-661.65	-1001.02	530.10	5572.74
109	359	361	155	105	272	231	-34.44	20.60	-116.10	-4624.31	-9786.47	-711.17	-1563.17	424.20	6932.45
109	357	360	157	108	272	235	-40.06	19.70	-113.96	-4674.49	-10935.54	-690.41	-1940.26	362.19	8224.18
110	354	357	156	110	272	237	-44.91	18.30	-111.92	-4641.37	-12027.17	-715.49	-2196.30	286.58	9197.47
109	354	356	157	112	273	237	-49.16	17.05	-109.19	-4329.10	-13064.21	-576.92	-2470.48	311.10	9658.54
109	355	354	158	112	273	238	-51.79	15.88	-106.43	-3907.84	-14049.40	-198.27	-2512.26	433.39	9447.42
110	355	354	158	112	271	238	-52.07	15.77	-104.35	-3586.85	-14985.33	236.04	-2032.20	751.47	8626.64
110	355	341	158	113	270	237	-52.41	15.21	-103.11	-3441.11	-15874.46	736.64	-1629.24	852.80	7351.56
111	355	338	159	112	269	235	-53.36	14.61	-102.71	-3514.65	-16719.14	1082.61	-1334.97	781.11	5868.78
111	355	342	159	112	268	231	-54.70	14.38	-102.74	-3701.52	-17502.38	1223.88	-1070.88	666.70	4180.79
111	357	347	159	110	269	224	-56.02	14.48	-103.27	-3926.44	-17726.46	1262.68	-806.53	546.67	2333.35
111	357	351	159	109	268	218	-57.12	15.85	-104.20	-4134.12	-17324.14	1238.95	-506.26	410.94	578.29
111	359	354	158	107	265	211	-43.02	20.20	-105.13	-4208.02	-16462.73	1177.60	-235.09	230.49	-903.33
111	359	355	156	104	266	208	-31.95	21.09	-105.98	-4178.82	-15420.39	1051.32	-106.24	98.11	-1933.16
111	360	356	154	104	266	208	-22.04	21.81	-106.51	-4066.87	-14508.37	943.76	-69.83	49.71	-2497.65
110	362	356	152	104	266	209	-8.47	21.12	-106.65	-3884.33	-13768.55	833.37	-160.33	16.52	-2714.82
110	362	357	153	105	266	209	-14.95	18.71	-106.12	-3610.91	-13307.33	747.70	-293.02	7.60	-2745.73
110	363	357	154	106	267	210	-20.00	15.99	-105.17	-3287.17	-13020.56	729.51	-287.32	21.92	-2667.64
110	363	356	155	107	267	211	-24.10	13.35	-104.05	-2947.01	-12774.33	747.04	-198.35	52.52	-2460.51