108	358	353	155	112	270	212	-91.63	-9.62	-81.37	3348.79	-19516.94	-388.22	-65.36	992.20	-4542.36
108	358	353	156	111	270	212	-91.79	-9.54	-81.22	3429.15	-19702.69	-449.21	-61.59	1057.84	-4751.84
107	358	353	155	111	270	209	-91.71	-9.23	-81.09	3502.90	-19878.55	-516.35	19.54	1131.40	-5067.20
108	358	353	156	111	270	208	-91.36	-8.99	-80.93	3571.35	-19942.43	-575.33	160.76	1208.63	-5518.79
109	358	353	156	111	270	206	-90.98	-8.87	-80.72	3615.78	-19757.91	-586.17	286.27	1303.60	-6048.30
108	358	352	156	111	270	203	-90.68	-9.13	-80.54	3604.59	-19290.01	-583.26	382.06	1365.72	-6581.34
109	358	352	156	110	270	202	-91.76	-10.50	-80.28	3560.56	-18503.31	-616.69	407.96	1425.98	-7019.72
109	359	349	155	109	267	200	-78.98	-10.32	-79.99	3466.54	-17405.95	-595.46	314.61	1577.73	-7314.23
110	359	346	154	107	262	200	-67.89	-8.51	-79.73	3260.41	-15826.05	-489.89	202.28	1746.00	-7396.12
110	359	342	151	105	256	202	-57.12	-6.86	-79.92	2855.59	-13846.35	-307.99	246.96	1735.10	-6791.72
110	360	341	147	103	255	204	-46.69	-5.25	-81.24	2218.81	-11885.63	-195.79	352.77	1551.24	-5127.03
110	360	342	147	102	257	208	-37.90	-1.87	-85.16	1248.07	-10468.95	-127.60	222.68	1386.98	-3232.33
110	361	345	145	103	260	219	-34.09	3.07	-91.57	48.66	-10071.70	50.18	184.49	1053.38	-1432.36
110	361	353	147	104	264	228	-37.20	6.40	-99.12	-1348.77	-10143.11	92.67	316.37	659.01	277.61
109	359	357	149	105	269	237	-40.45	9.17	-105.64	-2781.93	-10788.36	64.63	450.65	491.56	1902.08
108	356	356	152	105	271	244	-43.54	11.81	-110.78	-4257.83	-11764.74	31.00	537.22	492.88	3445.32
108	353	355	153	107	272	243	-47.49	14.40	-113.76	-5451.14	-12806.50	-33.75	336.01	640.34	4911.41
108	353	352	154	108	273	240	-50.94	16.48	-115.68	-6466.38	-13804.58	-36.86	191.16	722.37	6304.19
108	354	348	154	109	272	238	-52.85	18.51	-117.02	-7361.87	-14752.75	35.78	382.25	903.05	7627.33
107	354	341	155	109	272	236	-54.32	19.63	-116.88	-7771.37	-15653.51	219.59	543.04	1005.30	8420.76
107	353	338	155	108	273	236	-56.16	20.30	-116.61	-8104.40	-16509.24	482.21	530.18	1094.23	8614.22
108	353	342	155	108	272	235	-59.25	20.14	-116.03	-8291.58	-17322.17	677.10	161.93	1032.82	8234.66
107	354	343	155	108	273	235	-62.36	19.72	-115.41	-8419.20	-18094.47	926.25	-296.67	904.88	7268.58
108	354	344	155	109	272	235	-63.75	19.50	-115.00	-8601.44	-18828.14	1158.74	-330.39	781.39	5794.75
108	353	345	155	109	271	235	-65.21	19.81	-115.16	-8995.17	-19525.14	1396.80	-385.22	676.27	3908.91
109	354	347	155	109	271	234	-66.84	20.04	-115.81	-9592.01	-20187.28	1548.16	-463.06	458.96	2075.07
109	356	349	155	109	272	234	-68.39	20.41	-116.57	-10244.41	-20816.32	1475.95	-506.85	192.21	332.91
109	356	352	155	109	272	236	-70.49	21.15	-117.79	-11128.59	-21413.90	1355.35	-600.96	5.15	-1322.13
108	356	356	155	110	273	234	-71.91	22.35	-119.27	-12125.16	-21895.80	1298.59	-485.46	-38.66	-2894.43
110	356	358	155	110	273	228	-73.17	24.36	-120.90	-12981.90	-21910.81	1015.06	-262.79	-66.78	-4388.11
110	356	359	157	111	273	211	-75.07	26.82	-122.39	-13580.41	-21598.27	736.90	-140.15	-13.09	-5807.10
111	356	361	156	110	273	193	-76.18	30.16	-123.78	-13920.19	-20973.76	532.26	219.76	157.67	-7155.14
111	356	360	155	107	272	185	-80.55	34.09	-125.40	-14093.18	-19965.07	363.45	732.12	255.48	-8435.79
111	357	360	154	106	271	184	-65.25	36.53	-127.02	-14028.92	-18712.62	214.87	1142.81	328.21	-9652.40
111	358	359	153	105	271	186	-53.03	37.13	-128.40	-13689.67	-17359.79	64.53	1138.52	418.70	-10808.18
111	359	358	154	104	270	187	-43.15	37.14	-129.51	-13233.99	-16116.40	7.10	938.05	559.26	-11600.17
111	360	358	153	104	270	185	-33.61	35.70	-130.91	-12692.49	-14697.18	-27.25	877.49	642.50	-11968.56
111	361	355	153	104	268	188	-25.10	34.31	-132.88	-12079.06	-13031.32	-1.49	832.57	864.88	-11789.33
111	362	355	149	102	266	188	-17.81	32.66	-135.51	-11517.51	-11307.95	145.59	737.09	995.43	-10959.52
110	362	355	147	102	265	190	-10.57	30.97	-138.40	-11034.04	-9761.35	279.31	769.99	1004.91	-9402.24
109	363	356	146	103	266	194	-4.53	29.73	-141.03	-10692.53	-8587.29	375.94	634.29	886.61	-7340.48
108	363	357	148	104	267	198	-7.00	30.97	-141.39	-10314.31	-8169.32	451.14	210.57	672.73	-5335.11
106	362	358	149	105	268	203	-14.63	28.48	-139.01	-9890.19	-8552.85	476.59	-371.81	420.75	-3430.00
106	361	361	151	107	271	208	-22.15	24.51	-134.07	-9309.68	-9626.01	473.96	-984.07	-65.19	-1620.15
105	359	362	153	107	273	213	-29.38	20.49	-128.50	-8509.80	-10783.11	311.06	-1501.86	-460.13	-77.44
104	358	361	153	109	275	216	-36.47	16.71	-123.18	-7654.71	-11882.36	64.11	-2041.57	-785.62	1037.63
104	357	361	154	110	276	219	-42.02	13.24	-117.95	-6701.97	-12926.64	-223.90	-2257.79	-1018.14	1644.65
104	356	359	154	111	276	218	-46.27	10.30	-113.22	-5734.47	-13811.51	-342.30	-2291.65	-1114.74	1818.52
105	355	357	155	112	275	220	-49.51	8.08	-109.75	-4945.35	-14369.73	-396.19	-2179.62	-1047.45	1805.99
105	355	352	155	112	273	218	-52.46	5.83	-107.35	-4367.28	-14709.45	-276.98	-2044.24	-1049.68	1706.44
105	355	345	156	112	272	217	-54.73	4.07	-105.23	-3809.72	-14880.37	-281.33	-1842.28	-965.44	1575.87
106	356	338	156	112	272	217	-56.84	2.55	-103.55	-3332.23	-14876.55	-290.46	-1644.16	-868.67	1457.27
105	357	337	156	112	272	216	-58.99	1.37	-102.22	-2945.02	-14805.53	-305.94	-1479.80	-762.69	1402.96