107	353	346	152	108	264	217	-93.42	-9.46	-80.93	2635.04	-14077.14	-596.25	-908.60	0.81	3431.56
108	353	346	152	107	265	217	-93.76	-9.14	-81.17	2570.09	-14060.88	-636.44	-945.02	-37.48	3546.53
108	353	346	152	107	265	218	-94.27	-8.92	-81.31	2529.79	-14023.44	-669.02	-1006.87	-65.86	3691.36
108	353	346	152	107	264	219	-94.77	-8.65	-81.43	2504.90	-14074.67	-676.77	-1096.17	-106.72	3894.09
108	353	346	152	107	266	221	-95.37	-8.38	-81.57	2503.45	-14298.53	-690.53	-1235.81	-166.03	4141.68
108	353	346	152	108	267	224	-96.19	-8.25	-81.51	2601.28	-14863.20	-713.80	-1443.37	-222.73	4347.30
107	352	346	153	107	269	228	-96.36	-8.35	-81.41	2765.22	-15758.45	-709.91	-1521.60	-224.54	4375.63
108	351	348	152	108	271	234	-96.18	-8.61	-81.21	2954.36	-16608.92	-771.22	-1456.67	-199.92	4030.95
108	349	348	153	109	273	237	-96.37	-8.84	-81.20	3082.24	-17416.88	-955.05	-1413.84	-137.67	3213.05
109	348	349	153	110	276	237	-96.18	-8.66	-81.68	3043.53	-18184.43	-1220.50	-1196.30	-74.99	1779.05
108	347	350	154	110	277	230	-95.60	-9.89	-82.27	2945.35	-18913.61	-1616.08	-809.08	371.71	51.70
109	348	350	154	109	278	221	-93.80	-11.44	-83.88	2472.88	-19606.33	-1881.27	-167.98	1185.68	-1589.29
109	348	349	155	108	276	211	-90.14	-12.60	-85.91	1783.44	-19909.21	-1984.41	885.97	2098.54	-3148.22
110	349	348	155	107	273	203	-86.66	-10.56	-88.03	1011.27	-19366.95	-1986.39	2007.52	2773.67	-4629.21
110	349	348	155	105	272	195	117.96	-6.92	-89.65	447.30	-18206.00	-1965.67	2708.00	3124.43	-6036.15
110	350	347	154	104	272	197	117.60	-4.78	-90.83	84.34	-16945.10	-1902.99	2912.85	3343.41	-7372.74
110	352	346	154	103	273	200	116.70	-3.06	-91.80	-173.68	-15729.05	-1836.44	2967.00	3457.39	-8642.50
110	353	348	151	101	273	200	116.27	-1.88	-92.76	-383.60	-14505.19	-1772.21	3129.90	3504.87	-9657.83
110	353	348	149	100	274	197	115.93	-1.58	-93.75	-549.02	-13126.73	-1644.80	3429.86	3575.43	-10265.04
109	355	348	148	100	272	192	115.14	-1.23	-95.20	-742.56	-11488.80	-1458.56	3642.81	3568.41	-10375.14
109	355	348	147	99	271	190	113.05	-0.61	-97.18	-929.44	-9687.16	-1287.44	3470.77	3442.13	-9885.78
109	356	349	145	100	271	190	110.00	0.44	-100.01	-1137.76	-8002.20	-1140.86	3001.34	3258.73	-8770.94
109	358	349	144	99	271	191	107.49	2.05	-104.04	-1401.08	-6602.89	-989.22	2650.27	3009.09	-7129.24
108	358	349	144	99	270	193	105.45	4.45	-110.47	-1796.22	-5371.34	-855.16	2385.15	2697.09	-5134.43
109	358	349	143	98	270	194	103.45	8.22	-119.71	-2376.21	-4414.18	-815.80	2007.00	2291.03	-3239.36
108	359	350	143	99	269	197	102.02	13.17	-129.56	-3067.80	-3783.47	-942.61	1305.00	1865.43	-1439.04
107	359	351	144	99	270	203	-131.92	18.13	-134.34	-3850.41	-3948.69	-1184.88	511.10	1389.16	271.26
106	360	353	143	100	271	208	-132.48	21.13	-134.97	-4552.49	-4556.66	-1471.64	-43.41	1008.80	1896.05
106	359	355	143	101	271	216	-132.20	22.87	-132.72	-5243.47	-5705.63	-1675.05	-551.79	717.01	3439.60
107	357	355	143	101	271	226	-130.51	23.95	-129.53	-5767.09	-7058.75	-1783.70	-750.65	447.51	4905.97
107	356	357	143	102	270	236	-129.52	24.47	-126.82	-6163.74	-8344.21	-1931.52	-1044.27	252.48	6299.02
107	354	357	145	101	271	240	-128.85	24.79	-124.50	-6470.15	-9565.40	-2005.54	-1439.75	80.31	7622.42
107	351	357	151	101	273	241	-127.43	24.46	-121.90	-6549.84	-10725.53	-1951.26	-1697.06	-38.50	8879.64
107	349	354	153	106	271	239	-125.85	23.58	-119.44	-6529.75	-11827.65	-1601.10	-2048.66	-62.58	9739.11
107	348	352	152	107	271	238	-124.31	22.92	-117.19	-6451.26	-12874.67	-1324.25	-2271.38	-157.85	10085.51
107	349	339	153	108	270	238	-120.87	21.25	-114.33	-6090.50	-13869.34	-711.23	-2223.16	-155.16	9733.68
107	350	333	154	109	272	236	-116.61	18.36	-111.87	-5746.37	-14814.27	-325.87	-1779.40	198.35	8954.20
108	349	335	154	108	271	237	-113.52	17.14	-110.12	-5545.26	-15711.96	101.02	-1629.53	229.23	7676.34
108	347	337	154	109	270	234	-111.14	16.71	-108.91	-5455.99	-16564.76	409.17	-1563.40	147.22	6135.92
108	349	339	154	109	271	231	-109.16	16.55	-108.26	-5510.39	-17373.92	510.31	-1430.38	79.66	4402.57
108	352	345	154	108	271	228	-107.82	17.03	-108.46	-5684.07	-17694.63	513.20	-1385.32	23.63	2619.69
108	353	349	155	106	271	220	-107.48	17.99	-109.04	-5849.87	-17578.49	398.74	-1436.15	11.35	923.71
108	354	350	153	104	271	211	-108.06	19.38	-109.82	-5950.18	-17103.97	211.00	-1405.59	44.63	-561.98
107	355	350	152	103	271	208	-109.77	21.77	-110.61	-5955.47	-16384.57	68.85	-1251.31	136.40	-1713.93
107	355	350	151	103	270	206	141.85	23.54	-111.44	-5873.89	-15472.54	-53.39	-1231.50	281.33	-2503.93
107	356	351	151	103	271	205	-160.86	25.01	-111.82	-5688.20	-14705.51	-172.92	-1373.72	397.91	-2960.13
107	356	352	150	102	270	207	-158.03	24.08	-111.81	-5456.59	-14130.24	-242.28	-1387.59	468.06	-3170.53
106	356	351	151	103	270	207	-154.30	21.20	-111.16	-5111.96	-13735.93	-330.36	-1262.61	530.11	-3235.25
107	356	351	152	103	271	208	-149.79	17.81	-110.20	-4723.16	-13406.33	-380.84	-1017.18	635.26	-3205.84
108	355	350	152	104	271	208	-145.16	14.50	-109.02	-4307.80	-13131.61	-369.00	-838.37	706.29	-3072.05
107	354	349	153	104	271	208	-140.97	11.51	-107.53	-3862.61	-12951.63	-305.55	-807.25	718.43	-2868.44