90	347	349	146	105	258	222	-94.28	-15.33	-75.46	4401.64	-15353.25	-912.12	-968.91	-674.84	2715.32
89	348	349	146	105	258	222	-94.68	-15.31	-75.44	4415.55	-15383.59	-961.92	-1021.31	-680.75	2732.31
89	348	348	146	105	258	223	-95.24	-15.05	-75.43	4460.78	-15536.41	-996.42	-1113.90	-731.41	2742.74
89	348	349	146	105	258	223	-95.77	-14.85	-75.39	4558.54	-15868.59	-1059.60	-1192.20	-766.49	2703.75
89	347	349	146	104	260	224	-95.89	-14.72	-75.31	4713.81	-16374.76	-1084.42	-1208.64	-801.17	2560.67
89	347	349	146	105	261	226	-95.87	-14.78	-75.14	4955.52	-17085.62	-1128.60	-1181.16	-798.41	2285.68
89	346	349	146	105	263	226	-95.66	-15.38	-74.86	5259.54	-17869.74	-1187.37	-1104.25	-673.29	1838.70
90	346	349	146	106	264	226	-94.27	-16.60	-74.54	5575.17	-18614.65	-1172.00	-752.84	-388.07	1173.61
91	346	348	146	106	264	226	-91.96	-17.82	-74.49	5787.01	-19322.32	-1054.80	-207.65	-40.82	300.93
92	346	348	147	106	265	226	-89.74	-18.75	-74.58	5941.86	-19994.60	-951.06	342.94	273.77	-770.16
92	346	347	147	106	266	224	-87.88	-19.49	-74.83	5974.77	-20462.87	-912.31	856.49	574.73	-1968.40
93	346	347	148	107	267	221	-86.53	-17.69	-75.11	5924.43	-20691.33	-956.09	1309.77	877.84	-3272.63
93	346	347	148	107	268	218	-85.04	-15.70	-75.59	5743.61	-20718.96	-1011.09	1824.98	1158.00	-4618.45
94	346	346	148	107	269	215	-83.07	-13.65	-76.11	5489.43	-20505.01	-1036.33	2446.13	1398.80	-5998.38
95	344	344	149	107	270	211	-81.05	-11.89	-76.60	5174.75	-19989.16	-1024.92	3075.32	1500.66	-7326.46
95	345	343	149	106	271	208	-79.69	-10.12	-76.87	4895.22	-19228.30	-994.07	3564.46	1565.73	-8532.89
96	345	343	149	105	271	205	-72.77	-4.40	-77.15	4581.86	-18284.09	-907.77	4026.88	1554.79	-9562.74
96	346	342	148	105	271	203	-59.94	-3.10	-77.28	4257.56	-17048.68	-799.18	4424.24	1433.20	-10368.61
97	347	342	147	104	271	201	-48.45	-2.64	-77.18	3948.48	-15542.05	-748.42	4496.28	1272.49	-10776.33
97	348	342	145	104	270	199	-38.99	-2.15	-77.01	3627.46	-13946.54	-721.00	4201.26	1124.07	-10753.16
97	349	343	144	104	271	198	-30.19	-1.62	-76.91	3293.09	-12394.22	-768.75	3810.10	970.11	-10309.50
97	349	344	143	104	271	198	-20.83	-0.95	-76.70	2999.43	-10944.91	-836.31	3723.19	909.11	-9468.83
97	349	344	144	104	270	199	-11.83	0.30	-76.56	2663.46	-9410.26	-894.70	3769.98	985.00	-8158.03
97	350	344	144	104	270	199	-4.61	2.46	-77.40	2206.49	-8042.75	-927.56	3524.24	1144.75	-6407.28
97	350	345	143	104	270	201	1.48	6.05	-80.28	1609.96	-7106.01	-951.18	3102.72	1259.12	-4448.57
97	350	346	144	103	270	204	10.62	11.70	-84.73	980.27	-6670.51	-1007.42	2589.34	1358.81	-2587.79
98	350	346	144	104	270	207	2.16	14.73	-89.42	406.05	-6862.58	-1069.25	2277.42	1511.97	-820.05
97	350	347	144	104	269	209	-5.83	16.96	-93.28	-101.05	-7233.05	-1090.39	1854.90	1697.47	859.30
98	350	348	145	104	269	213	-13.87	17.41	-95.81	-523.60	-8084.80	-1002.27	1134.50	1710.00	2454.69
98	349	348	146	105	270	219	-21.50	16.90	-96.44	-756.42	-9318.96	-989.36	466.33	1647.20	3970.30
98	348	349	147	106	270	224	-29.14	16.19	-96.51	-902.80	-10491.41	-1017.49	-305.74	1572.94	5410.14
98	347	350	149	106	271	228	-36.35	15.12	-95.90	-900.86	-11605.24	-1019.01	-1079.65	1477.99	6777.98
97	345	350	149	107	270	229	-41.96	13.95	-94.81	-760.41	-12663.38	-914.86	-1573.17	1436.04	7874.63
98	343	349	149	108	271	232	-47.47	12.74	-93.74	-582.59	-13668.61	-608.72	-2332.76	1177.09	8675.65
98	343	348	149	108	272	232	-53.08	11.10	-92.56	-334.46	-14623.58	-457.08	-3030.82	1063.38	9103.82
97	343	347	150	108	272	233	-57.13	9.57	-91.09	31.86	-15530.80	-288.03	-3378.33	1035.92	9099.98
98	344	340	151	109	272	231	-58.82	8.92	-89.73	414.47	-16392.66	55.37	-3263.91	1244.42	8642.58
98	344	337	151	108	271	230	-60.33	8.42	-88.83	693.14	-17211.43	431.80	-3178.72	1409.10	7791.80
98	343	336	151	108	273	229	-62.02	7.70	-88.37	854.49	-17989.26	779.01	-3163.03	1434.94	6683.76
98	344	337	151	108	272	226	-63.68	7.18	-88.34	886.96	-18728.19	922.46	-3064.83	1384.35	5382.62
98	346	339	151	108	273	222	-65.29	6.96	-88.74	762.21	-19123.18	875.74	-2829.64	1336.08	3989.19
98	347	341	151	106	273	217	-67.03	7.26	-89.17	617.50	-19133.22	727.75	-2582.76	1328.58	2602.63
98	348	344	151	106	274	215	-69.27	8.04	-89.82	394.43	-18850.36	515.76	-2350.52	1316.50	1322.75
98	348	347	151	107	274	212	-71.61	9.09	-90.37	212.31	-18312.44	308.38	-2013.14	1299.52	264.61
97	349	348	150	106	274	210	-74.06	10.14	-90.71	110.49	-17613.82	150.16	-1626.34	1345.95	-555.42
98	350	348	149	106	274	208	-77.48	12.22	-91.01	31.17	-16828.53	33.85	-1305.27	1441.25	-1107.25
97	350	348	149	105	273	208	-79.35	12.95	-91.28	-35.99	-16152.90	-38.24	-1098.36	1464.99	-1480.74
98	351	348	149	106	273	209	-80.38	12.01	-91.23	-9.39	-15658.06	-111.13	-858.64	1470.19	-1725.45
98	351	348	150	105	273	209	-80.50	10.79	-90.96	72.48	-15297.95	-126.97	-604.46	1504.18	-1890.38
98	351	347	150	106	274	209	-80.39	9.08	-90.46	209.65	-15020.26	-108.43	-391.93	1485.72	-1967.71