111	368	358	156	112	270	221	-91.29	-13.73	-77.85	3900.81	-16225.39	-358.09	-723.58	75.30	1305.55
111	368	358	156	113	269	220	-91.26	-13.86	-77.79	3890.37	-16101.52	-347.39	-696.55	89.59	1290.42
111	368	358	156	113	268	221	-91.28	-13.84	-77.83	3842.85	-15930.65	-336.62	-684.88	95.16	1309.25
111	368	358	157	112	269	221	-91.07	-13.64	-77.93	3763.11	-15697.52	-321.79	-613.88	86.30	1376.29
110	368	358	157	112	269	221	-90.18	-13.33	-78.07	3652.56	-15373.04	-279.10	-434.44	62.53	1494.57
111	368	356	157	112	268	222	-89.62	-12.85	-78.20	3518.53	-14905.59	-237.54	-362.22	8.11	1773.24
111	368	355	156	111	269	224	-91.40	-11.34	-78.57	3341.60	-14537.51	-263.06	-684.75	-152.50	2170.93
110	368	355	157	111	270	225	-93.31	-9.85	-79.08	3214.32	-14600.83	-337.11	-1072.87	-364.92	2632.98
110	368	355	156	111	272	227	-92.77	-9.22	-79.43	3187.61	-14959.19	-487.46	-810.62	-475.68	3126.63
110	368	355	156	111	273	229	-91.84	-9.12	-79.79	3147.02	-15288.03	-557.88	-471.89	-424.39	3558.95
109	367	355	156	110	275	231	-92.35	-8.72	-80.51	3084.27	-16123.83	-548.59	-605.10	-395.02	3840.60
109	366	356	156	111	277	232	-92.85	-8.33	-80.87	3112.26	-16956.04	-608.36	-704.29	-429.62	3705.92
109	366	357	156	112	278	233	-92.73	-8.68	-80.88	3237.05	-17746.64	-763.14	-571.83	-350.24	2956.18
109	364	358	156	112	279	233	-93.19	-9.37	-81.20	3249.79	-18497.71	-851.38	-637.09	-93.63	1660.92
110	365	358	156	113	279	231	-94.09	-9.30	-81.88	3121.90	-19211.22	-1003.02	-798.13	56.45	-60.53
111	365	359	157	112	280	226	-94.67	-9.21	-82.87	2863.21	-19889.06	-1206.66	-827.73	289.63	-1695.90
113	366	360	157	112	280	216	-94.83	-9.32	-84.17	2466.05	-20533.01	-1397.93	-765.44	638.20	-3249.51
114	366	359	157	112	281	204	-93.95	-9.34	-85.43	2016.35	-20691.56	-1512.23	-426.07	1081.89	-4725.43
115	366	358	158	112	281	193	-92.03	-8.46	-86.60	1560.93	-20335.78	-1529.62	184.09	1481.74	-6127.56
116	366	358	158	112	280	188	-91.50	-4.92	-87.68	1137.08	-19474.99	-1520.54	722.18	1818.61	-7459.58
117	367	357	158	111	281	187	119.55	-2.65	-88.54	809.83	-18285.04	-1563.11	903.77	2109.03	-8725.00
116	368	356	156	108	281	190	117.95	-1.04	-89.55	469.34	-17014.99	-1570.36	727.98	2370.08	-9867.00
116	370	357	156	109	280	194	115.57	0.95	-91.10	25.67	-15740.04	-1479.24	595.63	2581.42	-10660.00
116	371	357	154	107	279	193	113.81	2.18	-92.73	-364.61	-14298.44	-1339.28	685.30	2684.55	-11075.90
116	371	357	150	106	278	191	112.56	2.64	-94.35	-656.58	-12674.31	-1168.31	888.54	2740.27	-11025.16
115	372	357	147	107	276	191	111.12	2.88	-96.18	-886.75	-10924.60	-967.70	1020.96	2737.81	-10412.45
114	372	357	146	107	275	191	109.38	3.52	-98.58	-1113.82	-9256.97	-745.31	1055.01	2652.12	-9216.53
114	373	362	145	106	273	191	107.25	4.92	-102.07	-1402.32	-7784.12	-502.45	1012.01	2420.96	-7519.10
114	374	365	146	107	273	193	105.53	7.51	-106.91	-1768.21	-6578.31	-383.33	947.51	2035.26	-5504.79
114	374	368	147	107	274	195	105.22	11.56	-113.45	-2309.80	-5757.00	-281.16	996.94	1616.15	-3591.20
113	375	369	148	107	274	199	104.02	17.91	-120.43	-3020.51	-5376.35	-278.70	908.79	1229.09	-1773.29
112	374	369	148	107	275	206	-100.12	21.49	-123.76	-3742.68	-5763.93	-362.37	712.30	848.94	-46.28
111	373	371	148	107	276	212	-101.39	23.48	-124.50	-4411.15	-6570.53	-546.25	350.43	546.94	1594.38
111	372	372	148	106	276	220	-102.41	24.37	-123.01	-5003.99	-7880.41	-728.74	-25.29	326.94	3153.02
110	372	371	150	108	275	230	-102.20	25.35	-121.77	-5523.79	-9124.79	-900.70	-70.32	61.30	4633.71
111	370	370	154	108	276	234	-104.62	26.45	-120.77	-6001.40	-10306.95	-1125.26	-737.16	-258.27	6040.38
109	367	367	157	110	276	236	-107.84	27.23	-118.61	-6084.13	-11430.00	-1470.20	-1566.45	-703.45	7376.71
110	363	361	155	112	277	232	-108.50	26.76	-116.82	-6152.92	-12496.90	-1576.09	-1870.08	-809.98	8472.32
110	363	362	155	113	277	233	-108.36	24.63	-114.06	-5849.08	-13510.46	-1700.69	-1948.62	-698.33	8847.96
110	364	349	156	113	277	232	-107.62	21.79	-110.67	-5252.22	-14473.33	-1700.05	-1939.04	-563.92	8476.56
111	365	344	156	112	277	232	-104.79	18.27	-107.85	-4729.61	-15388.07	-1509.65	-1493.14	-195.97	7494.83
112	365	339	156	112	276	232	-101.83	15.96	-106.22	-4492.93	-16257.06	-1281.57	-1011.53	88.38	6050.44
113	366	341	156	112	275	230	-100.13	15.32	-105.91	-4630.89	-17082.61	-1166.29	-721.66	200.81	4386.57
113	368	346	157	112	276	228	-100.27	15.30	-105.84	-4831.54	-17866.88	-1246.77	-762.27	213.47	2528.84
112	369	358	157	112	277	226	-99.96	14.65	-106.11	-5075.76	-18387.74	-1423.44	-661.11	434.00	764.00
113	369	364	157	112	275	218	-98.94	14.90	-107.17	-5420.78	-18282.35	-1564.06	-281.10	727.00	-912.60
113	369	364	156	111	274	212	-97.13	17.23	-108.54	-5698.14	-17655.43	-1546.26	274.30	949.45	-2505.37
113	369	366	153	108	273	205	95.45	19.68	-110.00	-5819.83	-16567.06	-1490.15	682.74	1054.77	-3726.90
113	370	367	151	108	272	202	95.48	19.83	-111.17	-5744.24	-15359.91	-1438.84	693.30	1119.64	-4533.46
112	371	366	151	108	270	201	94.47	19.45	-111.96	-5575.03	-14322.51	-1348.50	562.48	1236.85	-4896.09
111	372	367	149	109	270	201	93.36	21.12	-112.39	-5369.87	-13510.38	-1261.47	503.61	1249.86	-4949.63
111	372	368	150	109	271	203	79.63	16.45	-111.88	-4995.98	-12931.06	-1220.60	445.63	1184.07	-4815.10
110	372	367	151	110	271	205	66.59	12.96	-110.62	-4517.18	-12554.11	-1209.37	267.75	1218.86	-4514.60