170	504	507	204	164	277	212	-46.20	-68.97	-16.43	15626.97	-4177.35	4087.67	-1414.02	188.85	1363.72
169	504	506	204	164	278	212	-46.26	-68.90	-16.49	15616.22	-4191.49	4097.68	-1370.02	173.75	1349.28
170	504	506	204	163	278	212	-46.33	-68.75	-16.60	15603.01	-4219.31	4120.20	-1313.42	162.47	1329.17
170	504	507	204	164	278	212	-46.38	-68.73	-16.69	15587.46	-4239.95	4125.19	-1232.40	145.44	1300.76
170	504	507	204	164	278	213	-46.35	-68.78	-16.68	15584.28	-4237.55	4127.93	-1174.48	137.17	1263.52
170	504	507	205	164	278	213	-46.45	-68.71	-16.73	15562.07	-4245.87	4122.53	-1139.50	137.36	1221.09
170	504	507	205	164	278	213	-46.75	-68.65	-16.82	15532.77	-4262.98	4110.81	-1098.88	133.19	1168.79
170	504	507	204	164	278	213	-46.95	-68.61	-16.92	15506.53	-4282.63	4105.87	-1032.73	122.28	1117.10
170	504	507	204	164	278	213	-46.98	-68.66	-16.96	15471.60	-4282.90	4092.17	-970.75	99.17	1080.25
170	505	507	205	164	278	213	-47.28	-68.78	-17.01	15438.42	-4287.55	4070.37	-944.91	65.96	1065.73
170	504	507	205	163	278	213	-47.95	-68.90	-17.09	15409.90	-4302.77	4032.05	-939.86	33.76	1069.85
170	505	507	205	164	279	214	-48.69	-68.94	-17.24	15397.61	-4340.64	3991.44	-911.87	12.47	1065.45
170	505	507	205	164	278	213	-48.79	-69.03	-17.25	15401.73	-4344.00	3959.67	-842.13	11.35	1040.63
170	505	507	205	163	278	214	-48.44	-69.10	-17.13	15420.64	-4317.60	3955.49	-784.87	29.38	1009.65
170	505	508	205	164	279	213	-48.16	-69.21	-17.00	15446.01	-4286.32	3948.71	-755.83	44.81	983.62
170	505	508	205	164	278	213	-47.91	-69.16	-16.95	15464.71	-4277.21	3964.48	-740.04	56.32	957.74
170	505	508	206	164	278	212	-47.87	-69.13	-16.95	15471.47	-4280.95	3970.25	-711.78	62.31	937.00
170	505	508	206	164	278	214	-48.00	-69.04	-17.01	15473.10	-4299.10	3979.14	-707.04	64.04	917.25
170	505	508	206	164	278	213	-48.36	-68.86	-17.24	15457.64	-4361.34	3987.98	-673.24	45.99	902.64
171	505	508	206	164	279	214	-48.24	-68.79	-17.34	15444.36	-4385.28	4003.99	-617.73	23.49	896.96
170	505	508	206	164	279	214	-47.99	-68.70	-17.41	15420.54	-4399.61	4023.79	-560.99	4.67	909.36
170	505	508	207	164	279	214	-47.64	-68.63	-17.45	15391.32	-4399.43	4062.80	-533.19	-25.97	927.59
170	505	508	206	164	279	214	-47.62	-68.58	-17.57	15369.95	-4428.66	4097.46	-523.13	-80.27	948.71
170	505	508	207	164	279	214	-47.70	-68.53	-17.75	15353.85	-4475.43	4118.78	-485.53	-140.01	957.62
170	505	508	207	164	280	215	-47.91	-68.56	-17.95	15322.56	-4523.66	4129.25	-435.25	-201.46	953.34
170	505	509	207	164	279	216	-48.33	-68.55	-18.14	15297.63	-4570.67	4124.98	-410.59	-256.23	951.48
171	505	509	207	164	279	215	-49.10	-68.63	-18.34	15257.55	-4613.94	4089.73	-416.96	-310.92	954.15
171	505	509	207	164	279	215	-50.15	-68.72	-18.56	15222.87	-4666.04	4044.85	-445.36	-369.62	973.29
170	505	508	207	164	279	215	-51.29	-68.82	-18.78	15212.13	-4725.54	3983.40	-455.44	-414.19	1012.43
170	505	509	207	164	280	215	-52.51	-68.79	-19.01	15212.72	-4792.06	3912.23	-455.57	-428.88	1048.91
171	505	509	207	164	279	216	-53.46	-68.55	-19.32	15216.69	-4884.86	3853.22	-414.29	-418.69	1067.06
170	505	509	207	164	279	216	-54.24	-68.33	-19.53	15229.05	-4950.22	3791.96	-365.78	-381.76	1061.76
170	505	509	207	164	279	216	-54.75	-68.08	-19.71	15238.00	-5007.71	3748.96	-308.79	-333.02	1046.87
170	505	509	207	164	279	216	-55.11	-67.81	-19.88	15238.30	-5056.72	3720.52	-263.60	-277.37	1018.83
170	505	509	207	164	279	216	-55.23	-67.51	-20.00	15238.38	-5092.08	3709.09	-202.57	-219.75	991.19
171	505	509	207	164	279	216	-55.15	-67.28	-20.08	15225.87	-5110.88	3704.43	-153.29	-165.06	960.93
170	505	508	207	164	279	216	-55.03	-67.08	-20.18	15213.97	-5136.14	3716.81	-118.63	-137.16	934.83
170	505	508	208	164	280	216	-54.82	-66.97	-20.28	15201.67	-5159.13	3735.17	-77.35	-137.85	917.99
170	505	509	207	164	279	216	-54.74	-67.14	-20.24	15189.79	-5145.17	3733.21	-83.13	-160.26	921.54
170	505	509	208	164	280	217	-58.91	-67.71	-21.05	15155.48	-5372.33	3350.98	-72.93	-917.14	1937.01
170	505	509	208	164	280	218	-59.61	-67.39	-21.38	15136.51	-5463.31	3331.03	-76.13	-901.03	1960.56
170	505	509	208	164	280	218	-60.33	-67.06	-21.83	15126.08	-5594.55	3295.28	-38.73	-900.48	1961.18
170	505	509	208	164	280	218	-61.22	-66.68	-22.43	15122.18	-5770.42	3237.72	36.81	-918.41	1920.52
170	505	509	208	164	281	218	-62.47	-66.43	-22.86	15105.27	-5894.30	3145.23	95.12	-935.14	1861.39
170	505	509	208	164	281	217	-65.28	-65.75	-23.56	15041.61	-6080.18	2982.97	-124.39	-924.38	1806.37
170	505	509	208	164	282	217	-68.72	-64.09	-25.19	14944.73	-6539.97	2758.22	-474.82	-933.31	1670.56
170	505	510	208	164	283	216	-71.16	-61.93	-27.33	14894.89	-7192.77	2473.31	-567.38	-867.49	1331.83
170	505	510	208	164	283	214	-73.50	-59.08	-29.28	14821.34	-7790.14	2147.44	-577.86	-584.67	710.39
170	505	509	208	164	283	208	-75.65	-55.85	-30.95	14728.88	-8297.83	1885.27	-634.17	-123.84	-175.08
170	506	510	208	164	282	201	-77.53	-52.50	-32.01	14612.43	-8591.54	1713.41	-719.61	508.56	-1330.78
170	506	509	208	163	280	194	-78.67	-49.33	-32.46	14500.21	-8677.16	1674.54	-856.38	1299.03	-2702.44
170	507	508	209	163	275	192	-78.87	-45.84	-32.59	14317.20	-8605.50	1755.41	-1101.51	2237.08	-4178.37
169	507	507	210	163	266	190	-76.68	-41.60	-32.85	13994.14	-8488.43	2004.04	-1133.88	3153.67	-5607.85
169	506	505	210	163	257	188	-70.40	-37.60	-32.28	13651.63	-8080.60	2384.64	-813.19	3940.39	-6965.86
169	506	504	210	162	250	187	-61.98	-32.93	-30.30	13278.85	-7232.57	2869.41	-501.08	4693.02	-8255.96
169	506	503	209	162	241	185	-54.02	-28.22	-26.78	12843.91	-5981.75	3397.34	-497.78	5322.77	-9399.07
170	505	502	210	162	234	185	-46.49	-24.07	-21.53	12320.31	-4395.66	4052.27	-545.69	5734.68	-10120.16
171	505	501	210	161	228	183	-39.54	-21.07	-14.11	11756.70	-2537.52	4827.46	-636.80	5844.20	-10171.90
170	505	501	209	161	228	184	-32.73	-19.75	-6.44	11148.86	-887.85	5619.48	-587.01	5532.09	-9482.51
171	504	503	210	161	230	187	-25.42	-19.55	1.31	10580.42	569.34	6296.31	-253.61	4925.13	-8235.08
171	505	504	210	162	236	190	-18.32	-19.91	9.14	9996.40	1889.88	6874.29	138.07	4170.12	-6561.38
171	505	505	210	162	241	195	-11.96	-20.73	15.70	9318.98	2860.18	7314.58	508.42	3206.82	-4594.96
172	505	506	210	163	248	205	-6.75	-22.69	20.56	8752.83	3491.37	7619.05	773.50	2026.78	-2726.86
173	505	506	210	163	257	216	-3.36	-24.98	23.44	8272.59	3776.60	7741.90	790.22	772.19	-952.17
173	507	507	209	163	266	223	-2.03	-27.64	24.47	7850.36	3754.97	7792.00	644.21	-561.07	733.79
173	507	507	210	163	273	227	-5.79	-29.75	23.50	7359.04	3388.63	7666.20	319.95	-1970.37	2335.45
173	507	509	210	164	279	231	-11.46	-33.49	20.28	7085.29	2829.79	7481.69	-184.40	-3323.30	3857.03
173	507	512	209	164	283	235	-17.28	-36.78	15.02	6841.02	2080.70	7220.21	-452.68	-4524.68	5302.53
174	508	512	209	164	286	240	-23.62	-38.66	10.13	6482.57	1433.47	6787.80	-605.99	-5579.30	6675.75
174	508	513	209	164	287	248	-30.17	-40.04	2.32	6086.64	567.60	6291.81	-885.95	-6535.89	7980.31
175	509	514	208	164	289	249	-36.09	-40.67	-10.24	5590.91	-616.78	5670.62	-1050.20	-7425.44	9219.65
174	508	514	208	164	289	247	-41.20	-41.23	-26.82	5128.37	-2091.34	4914.69	-1050.84	-8114.32	10397.01
174	508	514	208	164	289	243	-44.37	-41.02	-42.14	4708.35	-3625.18	4042.55	-556.25	-8532.05	10877.11
174	508	515	207	164	289	236	-47.09	-39.90	-53.09	4397.13	-5077.52	3158.42	28.22	-8632.55	10892.56
174	508	514	207	164	289	233	-51.95	-37.86	-60.83	4071.27	-6362.84	2221.10	94.71	-8481.87	10726.83
174	509	515	207	164	288	231	-57.98	-35.44	-66.47	3824.31	-7683.10	1281.05	-316.88	-8146.93	10080.69
175	511	515	206	164	289	230	-62.66	-31.95	-70.60	3599.29	-8937.35	343.79	-440.64	-7501.98	8815.05
175	511	515	205	162	289	231	-65.56	-27.41	-73.98	3337.53	-10128.88	-537.59	-159.20	-6557.43	7101.70
175	511	515	205	162	289	236	-68.51	-21.85	-75.82	3178.85	-10925.63	-1221.11	71.56	-5244.81	5210.67
175	511	515	205	162	288	237	-70.46	-16.26	-76.86	3096.31	-11500.35	-1573.86	306.38	-3807.77	3311.73
175	510	515	207	162	287	231	-70.89	-11.53	-76.96	3120.69	-11694.93	-1668.37	769.16	-2407.83	1507.75
174	509	515	209	163	284	220	-70.06	-8.78	-76.47	3198.66	-11573.59	-1596.15	1339.30	-1261.99	-206.04
175	508	514	210	163	281	208	-63.08	-9.71	-74.83	3404.93	-10994.91	-1393.34	1701.39	-269.94	-1834.14
175	508	513	210	163	278	201	-54.98	-9.54	-72.05	3728.48	-10145.16	-1024.27	1747.12	527.51	-3288.08
175	509	511	211	163	276	196	-47.76	-9.03	-68.26	4075.66	-9050.91	-516.86	1605.66	1103.38	-4261.58