159	527	492	217	154	281	207	-15.87	-72.21	-1.99	14713.86	-168.16	3864.51	-817.04	-20.68	226.82
159	527	492	217	153	281	207	-18.03	-72.49	-2.58	14774.37	-318.75	3803.88	-704.24	-27.19	276.38
160	527	492	218	153	279	208	-19.34	-72.95	-2.99	14844.45	-426.61	3752.69	-593.83	-47.63	339.41
160	527	492	217	154	282	208	-21.05	-73.28	-3.42	14912.62	-538.68	3691.25	-524.79	-60.40	402.19
160	527	492	217	153	281	208	-23.03	-73.56	-3.85	14993.39	-653.95	3620.09	-460.45	-60.43	466.28
160	527	492	217	153	282	209	-25.32	-73.69	-4.37	15047.32	-791.65	3556.68	-406.37	-50.86	545.07
160	528	492	217	153	282	209	-27.81	-73.76	-4.99	15079.96	-953.67	3477.85	-399.86	-59.17	615.76
160	527	492	218	153	282	209	-30.69	-73.62	-5.74	15117.76	-1152.98	3409.56	-404.41	-63.66	694.33
159	528	492	217	153	281	210	-32.91	-73.32	-6.55	15140.67	-1366.33	3365.88	-369.99	-66.18	765.86
160	527	493	217	153	282	210	-34.70	-73.19	-7.15	15163.64	-1528.62	3339.19	-351.24	-77.02	821.57
160	528	492	217	153	282	211	-35.93	-73.13	-7.64	15214.05	-1662.59	3329.83	-332.18	-75.02	879.04
160	528	492	217	153	282	211	-36.80	-72.97	-8.01	15251.15	-1767.26	3330.74	-317.92	-48.37	930.69
160	527	492	217	153	282	211	-37.66	-72.87	-8.41	15275.59	-1875.89	3339.20	-306.38	-44.30	984.05
160	527	491	217	154	282	211	-38.79	-72.89	-8.81	15307.01	-1987.90	3326.64	-303.01	-63.73	1039.40
161	527	492	217	154	282	212	-39.90	-72.92	-9.18	15335.86	-2092.90	3310.51	-295.71	-80.55	1086.53
160	527	492	217	153	282	212	-41.32	-72.96	-9.57	15342.47	-2197.46	3271.38	-304.97	-97.97	1128.70
160	527	492	217	153	282	212	-42.86	-72.92	-10.02	15344.95	-2319.19	3232.41	-319.12	-121.12	1177.02
160	527	492	217	154	282	212	-44.61	-72.70	-10.62	15335.90	-2481.83	3199.59	-340.27	-139.06	1231.72
161	527	492	217	153	282	213	-46.12	-72.42	-11.26	15339.30	-2655.74	3165.61	-313.80	-158.76	1279.68
160	527	492	218	154	283	214	-47.60	-72.26	-11.80	15335.14	-2801.75	3119.73	-299.81	-175.27	1318.25
160	527	492	217	153	283	214	-49.58	-72.08	-12.31	15334.78	-2941.66	3066.34	-380.22	-181.66	1357.53
160	527	492	218	154	282	215	-51.40	-71.59	-13.04	15334.04	-3140.18	3021.23	-448.56	-179.03	1390.01
160	527	492	217	153	283	215	-63.27	-70.24	-16.88	15330.95	-4216.32	2473.59	-391.02	-174.74	1212.04
160	527	492	217	154	282	215	-63.50	-70.32	-16.97	15348.40	-4248.90	2446.11	-361.47	-159.05	1206.39
160	527	492	217	154	283	214	-62.32	-70.75	-16.63	15393.58	-4166.86	2447.20	-341.04	-126.10	1243.72
160	527	492	217	154	283	214	-59.40	-71.22	-16.07	15453.30	-4022.71	2490.24	-334.64	-106.84	1346.98
160	527	492	218	154	283	213	-54.08	-71.46	-15.05	15494.44	-3742.18	2557.13	-439.01	-76.90	1565.83
159	527	492	217	154	283	213	-50.10	-71.69	-14.14	15473.92	-3481.47	2632.47	-726.86	-75.21	1939.59
159	527	492	217	154	282	216	-48.93	-72.23	-13.74	15421.62	-3355.80	2722.85	-1055.47	-199.15	2424.16
160	527	492	217	153	283	219	-49.79	-72.91	-13.69	15359.14	-3326.21	2783.31	-1412.44	-365.44	3041.10
160	527	492	217	153	283	225	-52.77	-72.99	-14.31	15232.78	-3467.30	2785.94	-1893.72	-574.92	3737.20
160	527	493	217	154	283	230	-58.16	-72.46	-15.67	14981.34	-3775.53	2655.45	-2568.63	-900.57	4483.94
161	526	494	218	153	283	236	-65.27	-70.30	-18.86	14551.48	-4524.35	2301.27	-3485.55	-1308.59	5202.09
160	527	499	217	153	283	242	-70.61	-67.86	-24.73	13948.30	-5936.54	1658.41	-3939.63	-1825.46	5488.19
160	528	504	218	154	284	246	-72.81	-64.99	-30.03	13503.09	-7278.11	843.69	-3531.74	-2105.49	5095.58
161	527	506	218	154	285	243	-74.57	-60.11	-34.73	13099.33	-8516.00	11.91	-3004.36	-1768.97	4063.30
162	528	507	218	153	284	235	-77.06	-53.98	-38.62	12681.57	-9530.40	-672.29	-2755.04	-1013.62	2691.03
162	529	508	217	153	285	221	-78.38	-47.81	-41.42	12381.09	-10295.68	-1075.28	-2391.54	-57.39	918.08
162	530	508	218	153	284	207	-77.91	-41.89	-42.91	12102.43	-10608.70	-1206.31	-1696.61	1032.28	-766.22
161	530	505	217	152	281	193	-76.64	-37.27	-43.23	11777.51	-10424.46	-1173.00	-1001.73	2169.17	-2366.31
160	531	500	217	152	274	188	-70.74	-34.26	-42.92	11419.24	-9976.44	-969.35	-463.44	3205.71	-3886.40
159	533	494	217	151	265	186	-61.44	-30.21	-42.00	11022.67	-9290.42	-656.28	86.13	4013.77	-5330.48
159	534	489	217	150	261	183	-51.46	-25.90	-39.70	10610.34	-8198.50	-238.47	537.27	4602.04	-6702.35
158	534	484	216	150	255	182	-42.33	-21.82	-35.65	10165.02	-6718.77	310.86	810.36	5074.58	-8005.63
158	532	485	216	149	247	183	-34.11	-17.91	-28.44	9707.97	-4744.48	884.72	887.54	5500.35	-9243.75
158	528	484	216	146	242	182	-26.98	-15.60	-19.58	9336.17	-2868.91	1469.48	842.26	5600.99	-9458.66
158	528	485	216	147	243	183	-21.14	-14.64	-9.35	8955.36	-1087.11	2165.21	632.90	5349.14	-8642.43
158	527	485	217	149	248	187	-14.66	-14.60	1.67	8634.00	576.04	2853.95	752.51	4886.88	-7250.91
158	528	486	217	150	252	189	-7.42	-15.00	12.04	8293.50	2032.84	3415.05	1193.58	4307.94	-5429.86
159	527	486	217	150	256	194	-1.27	-15.69	22.03	7828.22	3366.60	3833.30	1385.60	3569.39	-3520.02
159	528	487	218	150	260	205	2.68	-16.97	28.81	7344.41	4190.47	4150.83	1163.72	2634.22	-1705.67
160	530	487	217	151	268	217	4.20	-18.67	31.63	6878.39	4364.14	4368.09	757.04	1492.51	17.96
160	531	487	217	150	275	226	3.46	-21.47	31.84	6528.87	4180.54	4479.68	464.28	185.88	1655.42
161	531	488	217	150	280	231	-0.34	-24.15	30.41	6243.03	3802.11	4419.10	264.67	-1039.96	3211.00
161	531	495	217	150	283	235	-6.18	-24.21	29.46	5675.48	3351.01	4298.55	23.19	-2274.66	4688.80
161	531	502	216	151	284	243	-14.44	-24.87	26.58	5110.90	2723.26	4062.82	-608.92	-3462.53	6092.71
162	533	506	216	151	286	253	-21.22	-26.59	16.09	4632.76	1574.29	3861.08	-997.93	-4501.95	7426.42
162	533	507	217	151	285	253	-25.48	-26.78	3.99	3992.12	589.78	3448.42	-531.28	-5303.31	8693.45
162	532	507	217	152	283	246	-29.57	-26.21	-26.33	2825.51	-900.91	2814.60	-44.17	-6043.49	9897.13
162	531	507	217	152	283	240	-33.98	-25.24	-60.44	1937.04	-2494.27	2151.07	274.59	-6455.87	10793.42
162	530	507	217	152	282	235	-40.31	-22.95	-80.14	1088.39	-4007.95	1352.12	65.46	-6434.02	11133.10
162	530	508	218	152	283	233	-47.19	-20.33	-87.51	585.57	-5445.95	546.31	-403.56	-6103.32	10717.39
162	530	508	217	152	283	234	-51.22	-17.36	-89.41	407.89	-6812.06	-134.20	-275.48	-5486.90	9506.22
163	531	507	217	152	283	234	-54.85	-13.62	-91.64	96.29	-7977.85	-762.29	-58.71	-4725.81	7958.51
163	532	508	217	152	284	237	-59.62	-9.81	-93.25	-196.72	-8990.76	-1307.58	-248.97	-3901.17	6146.59
162	534	509	217	152	285	243	-63.99	-5.55	-93.43	-290.48	-10062.02	-1748.60	-504.67	-2817.21	4200.86
162	533	509	217	152	285	244	-65.57	-0.78	-93.15	-287.36	-10937.12	-1914.77	-218.49	-1506.75	2352.41
161	530	508	217	153	285	239	-64.39	3.71	-93.23	-323.79	-11285.26	-1862.03	616.48	-306.16	596.39
161	528	506	217	152	283	226	-62.08	6.01	-93.02	-264.40	-11000.40	-1715.53	1438.96	648.15	-1071.83
161	528	505	217	153	282	209	-52.08	5.53	-91.57	46.82	-10151.18	-1485.95	1701.01	1407.94	-2656.64
161	530	504	218	153	280	197	-44.57	5.12	-88.79	533.88	-9070.22	-1045.06	1571.06	2023.29	-3903.05
161	532	499	218	152	280	193	-38.20	4.10	-84.86	1063.98	-7780.91	-483.60	1264.46	2342.78	-4815.80
161	534	492	218	153	279	194	-32.35	2.13	-79.17	1655.18	-6575.66	125.78	1079.93	2409.44	-5377.61
162	528	491	218	155	282	204	-27.60	-73.23	-6.98	14690.78	-1425.67	3346.24	-871.96	-94.85	-219.95
161	527	491	218	154	282	203	-28.91	-73.52	-7.23	14730.64	-1492.39	3314.12	-918.71	-137.81	-157.35
161	529	491	218	154	282	204	-29.09	-74.15	-7.30	14782.11	-1517.37	3278.62	-872.97	-229.57	-99.54
161	529	491	218	154	283	204	-28.52	-74.84	-7.18	14838.80	-1494.50	3227.29	-849.42	-272.29	-30.16
161	529	491	218	154	283	205	-29.13	-75.35	-7.13	14878.26	-1487.18	3170.52	-895.05	-294.18	46.80
161	529	492	218	155	283	206	-30.32	-75.77	-7.23	14914.55	-1516.42	3119.80	-910.90	-322.02	135.81