167	518	513	226	164	282	210	-60.11	-72.90	-15.48	15745.14	-3935.38	2328.02	-69.88	327.36	2633.50
167	518	513	226	164	282	210	-60.56	-72.51	-15.82	15733.88	-4030.61	2337.22	-119.19	317.09	2637.02
167	518	513	226	164	282	211	-60.50	-72.24	-16.08	15728.19	-4104.68	2369.36	-75.68	292.74	2617.72
167	518	513	225	164	282	211	-59.69	-72.33	-16.08	15718.78	-4100.05	2417.09	-27.29	246.40	2606.39
167	518	513	226	164	282	212	-59.44	-72.49	-16.10	15726.64	-4109.25	2454.43	-76.38	171.78	2599.82
167	518	513	226	164	283	211	-59.60	-72.48	-16.29	15746.51	-4170.98	2482.71	-92.46	109.04	2590.98
167	518	513	226	164	283	212	-59.51	-72.45	-16.41	15744.38	-4204.83	2504.18	-74.74	67.49	2573.38
167	519	513	226	164	283	212	-59.81	-72.47	-16.57	15713.96	-4243.39	2505.77	-91.60	1.01	2553.36
167	519	514	226	164	283	212	-60.36	-72.48	-16.80	15702.26	-4307.02	2503.48	-120.57	-74.64	2537.54
167	519	514	226	164	283	213	-61.14	-72.47	-17.01	15682.55	-4362.67	2472.91	-130.24	-128.45	2527.26
167	518	514	226	164	283	212	-62.13	-72.50	-17.17	15665.42	-4403.54	2417.86	-126.83	-163.18	2526.10
167	519	514	226	164	283	212	-63.27	-72.41	-17.35	15661.35	-4456.16	2360.57	-148.19	-172.87	2536.50
167	519	514	226	164	283	212	-64.56	-71.94	-17.69	15683.69	-4564.75	2309.14	-199.68	-134.53	2542.87
167	518	514	225	164	283	212	-65.72	-71.29	-18.07	15700.30	-4680.11	2262.88	-238.49	-59.00	2504.53
167	519	514	226	164	283	213	-66.67	-70.55	-18.53	15681.29	-4811.71	2230.94	-272.07	8.15	2428.45
167	519	514	226	164	283	213	-67.23	-70.03	-18.93	15669.02	-4926.92	2205.59	-222.52	36.29	2327.93
167	519	514	226	164	284	213	-67.36	-69.78	-19.12	15656.37	-4977.98	2193.71	-131.99	69.43	2227.33
167	519	514	226	164	283	213	-67.32	-69.54	-19.25	15630.35	-5008.68	2190.43	-79.64	106.60	2135.76
167	519	514	226	164	283	213	-67.17	-69.36	-19.38	15603.43	-5038.04	2208.10	-43.16	118.62	2055.03
168	519	514	226	164	283	213	-67.04	-69.24	-19.52	15593.66	-5076.94	2224.90	-20.25	110.84	1988.38
168	519	514	226	164	283	213	-66.87	-69.11	-19.69	15589.58	-5127.09	2243.65	14.71	94.70	1946.01
168	519	514	226	164	283	213	-66.92	-69.05	-19.83	15570.30	-5161.94	2248.47	25.18	66.57	1928.71
168	519	514	226	164	283	213	-67.28	-68.93	-20.04	15553.98	-5218.64	2250.85	-14.83	34.54	1925.27
167	519	514	226	164	283	214	-67.84	-68.69	-20.34	15523.48	-5299.71	2252.71	-64.19	7.71	1922.06
168	519	514	226	164	283	213	-68.25	-68.44	-20.70	15489.31	-5395.12	2237.27	-48.73	-28.03	1899.20
168	519	514	226	164	283	214	-68.79	-68.32	-20.96	15454.04	-5460.97	2190.81	13.11	-54.42	1864.34
167	519	514	226	164	283	214	-69.48	-68.33	-21.05	15423.34	-5475.72	2142.67	20.45	-56.95	1839.43
167	519	514	226	164	283	214	-70.46	-68.04	-21.30	15385.77	-5534.13	2090.93	-67.37	-39.05	1836.76
168	519	514	226	165	283	214	-70.99	-67.45	-21.76	15343.69	-5659.43	2080.99	-90.15	-23.00	1805.82
167	519	514	226	164	283	214	-70.94	-67.17	-22.09	15300.90	-5742.86	2075.14	2.05	-30.90	1743.48
167	519	514	226	164	283	215	-71.08	-67.25	-22.22	15264.26	-5765.91	2061.18	14.00	-63.26	1703.45
168	519	514	226	164	283	214	-71.81	-67.10	-22.45	15237.24	-5826.42	2038.32	-65.20	-89.64	1681.33
168	519	514	226	164	283	214	-72.41	-66.83	-22.81	15219.58	-5928.70	2005.80	-82.14	-113.51	1634.31
167	519	514	227	164	283	214	-72.53	-66.53	-23.12	15190.20	-6010.66	1982.51	7.47	-114.99	1566.05
167	519	514	226	164	284	214	-72.70	-66.62	-23.16	15154.29	-6006.93	1949.19	54.94	-120.04	1516.70
168	519	514	226	164	283	214	-73.30	-66.39	-23.35	15117.18	-6047.98	1926.53	-33.10	-109.29	1499.06
167	519	514	226	165	284	214	-73.67	-65.95	-23.75	15080.12	-6154.58	1917.40	-39.45	-115.07	1477.46
168	519	514	226	164	283	214	-73.71	-65.81	-23.95	15073.11	-6215.65	1904.53	23.02	-123.82	1432.58
168	519	514	226	164	283	214	-74.00	-65.74	-24.03	15075.05	-6238.07	1892.11	4.02	-103.23	1395.11
168	519	514	226	164	283	214	-71.70	-66.06	-24.50	15200.35	-6442.04	2045.83	478.98	-145.74	949.09
168	519	514	226	164	283	215	-71.52	-66.34	-24.31	15232.93	-6398.34	2048.33	421.88	-165.90	1007.69
168	519	515	226	165	284	215	-71.35	-66.49	-24.30	15243.08	-6399.82	2072.12	392.54	-206.41	1112.90
168	519	515	226	164	285	215	-70.46	-66.86	-24.35	15292.73	-6438.23	2118.71	538.36	-338.04	1247.81
168	518	515	226	164	284	215	-68.56	-67.85	-23.89	15390.29	-6335.92	2165.38	727.19	-465.93	1467.92
168	518	515	226	164	284	216	-68.47	-68.58	-23.37	15469.18	-6206.72	2189.71	499.73	-510.34	1903.67
168	518	515	226	164	282	218	-71.21	-68.25	-23.63	15464.32	-6287.59	2172.22	-121.80	-506.67	2486.44
169	518	516	224	165	281	220	-75.57	-66.51	-24.89	15304.30	-6613.41	2090.01	-974.71	-500.29	3026.57
170	518	519	225	165	279	226	-80.33	-63.83	-27.28	15004.09	-7232.74	1896.11	-1847.93	-529.47	3326.49
170	518	519	225	164	278	232	-84.00	-59.70	-30.91	14535.28	-8169.30	1568.31	-2361.08	-634.20	3218.46
170	518	521	225	165	278	235	-86.31	-55.82	-34.74	14032.52	-9166.43	1118.89	-2488.53	-692.54	2589.64
170	518	521	225	165	278	235	-88.22	-53.26	-37.74	13597.69	-9931.51	626.75	-2438.00	-515.91	1498.46
171	519	521	225	165	280	228	-90.08	-52.34	-40.02	13245.81	-10509.74	231.01	-2431.25	-34.32	35.34
170	519	521	225	164	282	216	-90.74	-52.57	-41.74	12928.52	-10902.85	-22.14	-2230.34	656.55	-1604.83
170	520	519	225	164	282	203	-90.94	-54.15	-42.51	12643.49	-10951.11	-189.24	-1913.97	1436.82	-3162.99
169	521	516	225	164	282	197	-92.17	-58.23	-42.28	12386.32	-10626.15	-265.97	-1692.77	2329.63	-4643.24
166	523	511	225	162	278	192	-89.79	-63.56	-41.75	12135.20	-10199.44	-201.07	-1526.98	3317.00	-6049.48
164	525	508	225	162	271	188	-81.14	-57.50	-41.14	11768.64	-9657.07	66.38	-1023.98	4211.15	-7385.40
164	525	508	225	162	266	183	-69.35	-51.42	-39.28	11327.21	-8659.82	474.26	-270.18	4801.84	-8654.53
163	525	507	224	162	262	178	-57.47	-46.06	-34.01	10912.85	-6804.22	1003.15	355.37	5173.10	-9860.21
163	525	505	224	162	258	177	-47.94	-41.00	-26.76	10561.21	-4825.66	1464.59	500.61	5521.54	-10862.25
164	525	503	223	159	249	177	-41.32	-36.46	-18.39	10195.95	-2946.03	1941.36	-19.17	5845.22	-10839.93
165	524	503	223	159	250	180	-32.65	-34.63	-10.59	9843.95	-1444.13	2526.49	304.23	5494.66	-9697.69
166	524	505	224	161	255	184	-23.19	-33.28	-1.38	9584.95	110.28	2993.97	950.12	5084.22	-8103.80
166	524	506	224	162	259	189	-14.78	-31.85	7.54	9264.90	1516.76	3334.07	1426.77	4691.41	-6289.71
167	524	507	224	162	264	192	-8.03	-31.32	15.31	8906.06	2681.33	3620.37	1599.53	4080.24	-4336.88
168	524	508	224	162	269	199	-2.68	-31.45	21.08	8544.35	3499.26	3845.75	1549.75	3317.98	-2481.68
168	525	509	224	162	275	210	1.01	-32.28	24.10	8219.34	3862.30	4030.46	1383.91	2495.98	-719.25
169	525	510	223	163	279	218	3.40	-34.06	24.98	7952.17	3883.38	4129.54	1308.52	1641.33	955.06
169	525	510	223	163	283	224	3.17	-37.20	24.82	7662.56	3723.41	4088.26	1190.04	794.06	2545.66
169	524	512	223	162	285	229	-0.30	-37.30	23.83	7301.03	3412.44	4058.45	888.14	63.01	4056.73
168	524	515	223	162	285	236	-7.20	-35.55	21.75	6802.98	2915.62	3947.32	343.33	-630.29	5492.24
167	524	518	223	163	286	245	-15.59	-34.71	17.03	6241.63	2143.84	3744.16	-385.43	-1435.78	6855.98
168	524	521	223	163	286	253	-22.16	-34.59	4.08	5519.15	704.65	3503.55	-727.46	-2328.44	8151.53
168	523	523	223	163	285	251	-25.67	-34.30	-11.95	4982.59	-651.79	3160.97	-218.09	-3055.66	9382.30
170	522	523	224	163	284	247	-29.83	-33.15	-28.15	4351.26	-1817.00	2766.92	99.12	-3577.13	10325.49
170	521	523	224	163	284	234	-36.40	-32.30	-46.39	3712.10	-3213.75	2332.58	-322.59	-4097.37	11055.26
170	520	524	224	163	284	228	-42.74	-32.13	-59.52	3291.30	-4691.46	1827.15	-749.71	-4605.16	11276.70
170	519	525	224	163	284	227	-47.27	-31.24	-66.89	3078.13	-6095.29	1176.39	-691.72	-4784.65	10831.91
170	518	525	224	163	283	227	-52.50	-28.97	-71.49	2887.02	-7291.52	434.17	-781.99	-4560.22	9898.52
171	522	525	224	163	283	227	-58.30	-25.84	-75.10	2649.87	-8367.75	-323.34	-1091.54	-4106.45	8729.94
171	524	526	223	162	284	230	-64.12	-21.96	-78.30	2358.38	-9437.76	-1044.97	-1502.11	-3458.73	7351.05
171	525	526	224	163	284	234	-68.83	-17.25	-80.26	2193.06	-10500.07	-1629.12	-1779.76	-2471.65	5558.09
171	525	525	224	163	285	236	-71.90	-11.55	-82.03	1961.01	-11287.47	-2098.66	-1687.17	-1256.16	3641.79
171	524	524	224	162	285	235	-73.36	-6.08	-82.83	1859.56	-11790.89	-2305.93	-1352.41	35.90	1821.30
170	523	523	225	163	284	228	-74.16	-1.64	-83.00	1829.78	-11836.35	-2350.84	-883.24	1263.25	91.83
169	523	521	225	163	282	214	-74.27	0.81	-82.64	1860.49	-11485.53	-2279.69	-353.38	2360.24	-1551.16
169	524	520	225	163	279	198	-63.15	1.15	-81.16	2046.87	-10681.66	-2031.91	136.59	3229.83	-3112.00
168	524	518	226	163	277	191	-52.61	2.40	-78.23	2363.32	-9403.37	-1624.51	512.46	3936.68	-4295.30
165	525	515	226	162	275	191	-45.20	2.31	-73.71	2751.16	-7936.60	-1123.89	264.74	4258.20	-5119.58
167	525	511	226	163	273	191	-39.76	0.98	-67.67	3216.40	-6683.77	-510.49	-211.35	4315.49	-5564.60
167	523	508	227	163	273	194	-34.36	-1.20	-59.79	3778.98	-5582.78	120.83	-465.58	4226.92	-5672.02