165	526	487	218	155	285	206	-20.52	-68.89	3.19	13929.81	1091.80	4408.90	-92.98	-1428.82	3083.64
165	526	486	218	156	286	207	-23.96	-69.21	2.03	14061.92	820.81	4290.25	-178.98	-1360.18	3096.06
165	526	486	218	155	286	207	-26.65	-69.37	0.83	14160.22	535.57	4192.34	-139.68	-1295.52	3093.76
165	526	486	218	156	286	207	-28.35	-69.91	-0.05	14277.61	321.99	4103.52	-18.00	-1274.20	3084.27
165	526	486	218	156	286	207	-29.94	-70.31	-0.84	14390.73	126.09	4025.55	44.20	-1231.59	3093.36
165	526	487	218	156	286	208	-31.27	-70.58	-1.66	14489.79	-78.01	3975.07	111.19	-1192.56	3101.94
165	526	487	218	156	286	208	-32.34	-70.87	-2.38	14582.10	-259.51	3926.72	192.68	-1153.18	3099.74
165	526	486	218	156	286	209	-33.58	-71.20	-3.04	14662.40	-429.13	3875.78	244.95	-1127.72	3095.31
166	526	487	218	156	286	209	-34.97	-71.60	-3.63	14730.28	-580.08	3811.39	226.45	-1110.78	3105.94
166	526	487	218	156	286	210	-36.95	-71.68	-4.37	14774.36	-770.67	3755.62	135.98	-1084.14	3121.04
166	526	487	218	155	286	210	-38.88	-71.56	-5.26	14808.04	-1000.34	3709.84	82.43	-1057.19	3128.49
166	526	486	218	155	287	211	-41.00	-71.44	-6.33	14837.44	-1276.72	3650.15	91.56	-1087.43	3101.52
166	527	487	218	155	286	211	-42.32	-71.52	-7.31	14880.97	-1532.69	3588.04	270.98	-1149.36	3044.24
166	526	487	218	156	286	211	-43.49	-71.90	-7.94	14927.32	-1702.45	3499.24	444.73	-1201.14	2989.58
166	527	487	218	156	286	211	-45.09	-72.26	-8.47	14963.16	-1847.53	3388.88	553.30	-1220.08	2959.80
166	527	487	217	155	287	212	-46.86	-72.64	-8.87	14980.40	-1952.55	3274.03	606.18	-1210.08	2947.71
166	527	487	218	155	287	212	-48.84	-72.78	-9.32	14982.78	-2071.53	3165.33	587.92	-1172.67	2970.72
166	527	487	218	156	287	212	-51.20	-72.60	-9.91	14962.64	-2222.95	3051.46	514.08	-1119.54	3017.74
166	527	487	218	155	287	213	-54.02	-72.14	-10.64	14986.11	-2418.20	2949.89	386.22	-1037.76	3063.90
166	527	486	218	156	286	214	-56.95	-71.45	-11.42	14953.00	-2621.89	2838.40	150.91	-928.42	3114.61
167	526	486	217	155	287	214	-59.55	-70.53	-12.45	14913.15	-2886.60	2749.88	-72.79	-840.80	3154.22
166	526	486	218	156	287	214	-61.18	-69.66	-13.55	14897.89	-3176.07	2698.58	-145.65	-786.56	3160.76
167	526	486	218	156	287	215	-62.47	-69.15	-14.37	14894.40	-3398.06	2637.05	-148.11	-745.88	3161.58
166	526	486	218	156	287	215	-63.81	-68.52	-15.15	14915.08	-3615.96	2580.20	-188.91	-659.94	3188.30
166	526	486	218	155	287	216	-64.82	-67.79	-16.00	14939.13	-3855.36	2552.79	-215.96	-578.44	3187.68
167	526	486	217	155	287	216	-65.09	-67.22	-16.77	14979.77	-4081.59	2542.95	-97.76	-521.42	3127.60
167	526	486	218	155	287	216	-64.92	-66.94	-17.26	15014.78	-4227.31	2531.80	92.32	-459.30	3044.92
166	526	486	218	156	287	216	-64.76	-66.95	-17.47	15033.04	-4293.15	2507.41	225.41	-401.44	2993.37
167	526	486	218	156	287	217	-65.09	-66.87	-17.81	15031.59	-4389.69	2486.04	252.74	-371.01	2979.45
166	526	486	218	156	287	217	-65.70	-66.62	-18.29	15028.81	-4524.01	2464.94	241.30	-339.81	2980.58
167	527	486	218	156	287	218	-66.46	-65.57	-20.18	14966.71	-5045.56	2475.31	658.72	-285.34	2839.16
166	527	486	218	156	287	218	-66.04	-65.77	-20.29	14973.77	-5078.48	2480.95	800.78	-287.68	2807.15
167	527	486	218	155	287	219	-64.65	-66.44	-20.00	15006.08	-5007.56	2500.50	868.74	-310.54	2842.74
166	527	486	218	156	287	220	-63.06	-67.30	-19.46	15040.58	-4864.78	2520.07	711.80	-335.52	3047.05
167	527	486	218	155	288	221	-63.31	-67.79	-19.23	15058.15	-4802.54	2553.67	342.31	-365.19	3436.65
167	527	486	218	156	288	222	-64.68	-67.71	-19.65	15076.04	-4931.41	2593.59	-1.05	-424.98	3898.72
166	526	487	218	156	287	224	-68.42	-67.76	-19.97	14982.04	-4989.24	2492.91	-570.80	-472.73	4473.88
166	526	489	218	156	285	229	-74.28	-65.27	-22.59	14609.94	-5607.78	2208.46	-1545.31	-630.34	5059.84
166	525	493	218	156	284	233	-78.27	-63.13	-26.01	14263.64	-6464.79	1739.84	-1915.79	-914.23	5430.20
165	525	495	218	157	284	236	-82.57	-59.28	-30.09	13736.66	-7433.15	1082.85	-2299.95	-899.97	5454.29
166	527	498	219	157	284	238	-85.39	-54.69	-35.48	12999.03	-8693.69	338.31	-2388.71	-778.62	4969.72
166	527	502	219	157	284	238	-87.05	-49.30	-40.34	12372.87	-9890.21	-375.21	-2202.32	-311.94	3990.04
166	527	504	219	157	284	234	-87.28	-42.80	-44.83	11718.63	-10985.70	-931.65	-1741.86	489.11	2392.43
167	527	504	219	157	285	223	-85.71	-36.21	-47.79	11213.70	-11660.01	-1181.27	-925.61	1500.55	634.41
167	527	504	219	156	286	210	-83.21	-30.28	-48.79	10852.61	-11678.61	-1100.00	-220.13	2677.43	-1035.71
167	528	502	219	156	285	194	-79.26	-24.78	-49.26	10454.58	-11418.68	-760.60	195.37	3775.86	-2622.32
167	528	498	219	156	282	186	-72.33	-19.61	-49.34	9984.65	-10900.75	-82.97	597.86	4587.16	-4129.61
165	528	492	219	155	279	182	-62.94	-16.40	-47.71	9547.62	-9797.11	671.98	1052.41	4934.05	-5561.53
164	528	483	219	156	277	181	-54.74	-13.98	-43.86	9168.04	-8158.85	1455.78	992.49	5112.65	-6921.85
164	527	483	220	155	275	181	-47.91	-12.02	-37.90	8844.24	-6292.71	2277.99	636.47	5176.87	-8214.16
164	523	485	219	154	273	181	-40.02	-11.57	-29.72	8518.22	-4339.72	3070.49	664.29	4904.03	-9130.90
164	519	486	219	153	274	181	-32.53	-12.12	-19.35	8353.51	-2484.39	3633.56	659.78	4440.62	-9078.20
164	520	487	219	154	275	183	-25.63	-12.71	-7.58	8259.24	-721.82	4194.49	635.99	4019.94	-8224.04
165	520	488	220	155	278	186	-17.20	-13.21	2.44	8101.68	664.67	4734.36	1265.04	3615.45	-6924.74
165	520	489	220	155	279	190	-8.07	-13.31	12.98	7742.39	2041.44	5225.64	2201.44	3177.92	-5340.95
166	521	489	220	155	280	198	0.32	-13.94	23.22	7332.27	3336.97	5591.96	3015.07	2564.98	-3435.56
166	522	487	220	155	282	207	6.16	-14.80	31.56	6854.86	4339.92	5930.36	3334.16	1816.53	-1625.43
166	524	486	219	155	284	220	9.47	-15.61	36.67	6224.92	4720.92	6170.84	3297.61	852.90	94.19
166	526	485	219	155	285	230	10.36	-16.90	39.21	5726.07	4733.08	6261.10	2945.17	-323.14	1727.83
166	528	489	219	155	286	235	6.73	-17.72	39.41	5265.97	4386.62	6211.85	2509.77	-1460.14	3279.79
166	530	495	218	154	287	242	-0.09	-17.91	39.14	4586.87	3795.69	6044.65	2022.78	-2671.23	4754.15
165	534	502	217	154	288	250	-4.46	-21.43	30.47	4117.72	2560.91	5884.82	2253.99	-4130.62	6154.79
166	534	504	218	154	289	257	-8.77	-24.04	24.94	3854.04	1971.46	5475.78	2955.29	-5253.39	7485.40
166	534	504	217	153	288	261	-16.66	-23.54	13.40	2877.14	940.09	4886.99	2606.08	-6063.57	8749.48
166	535	507	217	153	288	259	-25.72	-24.03	-37.83	1723.08	-745.32	4038.04	1774.27	-6946.24	9950.36
166	536	510	217	154	287	252	-34.58	-23.68	-81.07	755.33	-2346.45	2906.94	1066.41	-7464.63	11006.99
167	536	510	217	154	284	248	-42.81	-21.44	-95.23	-51.24	-3867.53	1587.59	486.79	-7343.00	10998.09
167	535	511	217	154	285	247	-48.75	-17.95	-98.00	-461.88	-5312.55	345.01	397.70	-6669.60	10004.39
167	534	510	216	154	286	247	-52.17	-12.95	-98.56	-723.18	-6685.32	-621.44	791.86	-5489.07	8351.72
167	536	509	216	154	286	247	-55.16	-7.67	-99.21	-985.03	-7794.86	-1297.37	1159.82	-4218.26	6336.68
168	536	508	217	154	286	248	-57.97	-2.75	-98.27	-978.17	-8691.52	-1675.50	1361.88	-2852.10	4381.45
167	534	507	218	156	287	245	-60.38	1.87	-97.36	-914.47	-9322.94	-1848.52	1504.79	-1494.79	2523.98
167	531	506	218	155	287	237	-62.63	5.73	-96.14	-735.74	-9593.39	-1918.30	1619.40	-133.55	759.38
167	528	505	218	155	286	222	-63.68	8.24	-94.91	-521.56	-9602.92	-1845.18	1833.63	1076.57	-916.99
167	527	505	219	155	285	206	-56.73	6.86	-93.43	-235.68	-9130.78	-1651.52	2157.79	2094.59	-2509.54
166	528	502	219	155	283	193	-47.68	8.20	-91.49	116.91	-7993.84	-1312.15	2135.80	2959.86	-4022.47
165	529	495	219	154	281	188	-40.98	8.02	-87.60	628.06	-6688.94	-701.94	1817.96	3426.22	-4927.89
165	531	488	219	154	281	187	-35.45	6.60	-79.88	1311.06	-5143.30	-195.24	1124.87	3578.91	-5475.50
165	529	481	220	155	281	189	-31.47	3.88	-68.49	2068.31	-4065.53	290.52	368.97	3582.96	-5668.82
165	524	487	220	157	284	199	16.45	-62.04	5.96	12991.91	1656.58	4934.63	-1.80	293.62	323.27
165	524	487	220	157	284	199	14.86	-62.96	5.64	13092.72	1594.35	4908.70	-28.56	194.39	554.55
164	525	487	220	157	284	200	12.44	-64.11	4.87	13261.28	1436.04	4868.86	-117.68	76.17	792.58
165	525	487	220	156	285	202	8.33	-65.21	3.84	13384.22	1211.03	4797.22	-203.29	-53.34	1018.20
164	526	487	220	157	284	203	4.57	-66.15	2.81	13498.80	980.48	4731.16	-158.48	-185.32	1188.79
164	526	487	220	157	285	203	0.87	-67.36	1.85	13579.26	761.06	4620.60	-44.46	-359.70	1275.10
165	526	487	220	157	285	203	-2.57	-68.84	1.18	13705.90	609.01	4484.97	-5.38	-525.37	1376.89
164	526	488	220	157	285	204	-7.22	-69.96	0.43	13840.61	434.75	4335.12	-90.91	-632.60	1492.50
165	526	488	220	157	286	205	-11.49	-70.65	-0.56	13973.17	201.62	4200.37	-108.77	-708.77	1588.72
165	526	488	219	158	285	204	-15.49	-71.34	-1.42	14094.12	-8.46	4052.75	-24.88	-768.73	1665.34