165	526	488	220	157	286	205	-19.11	-72.07	-2.14	14229.21	-185.24	3914.11	6.31	-797.39	1740.92
165	526	488	220	157	286	206	-22.43	-72.33	-2.95	14367.75	-389.18	3805.60	35.10	-775.27	1797.02
165	525	488	220	157	286	206	-24.94	-72.45	-3.70	14497.96	-582.32	3718.32	158.14	-728.26	1812.47
164	526	488	220	157	286	206	-26.59	-72.70	-4.16	14618.66	-706.00	3638.81	278.94	-661.35	1774.05
165	526	488	220	158	286	206	-27.88	-72.95	-4.54	14711.53	-809.70	3575.87	361.59	-602.18	1732.25
165	526	488	220	157	286	206	-29.26	-73.35	-4.83	14790.35	-889.02	3501.87	341.46	-563.37	1708.43
165	526	488	219	158	285	207	-31.47	-73.51	-5.26	14852.83	-1004.37	3435.98	247.04	-522.25	1695.96
165	526	488	220	157	286	207	-33.84	-73.56	-5.78	14908.99	-1142.55	3371.18	138.94	-485.69	1691.36
165	526	488	220	157	286	207	-36.18	-73.62	-6.34	14955.74	-1292.22	3305.02	43.04	-485.46	1687.70
165	526	488	219	157	285	208	-38.49	-73.79	-6.95	15024.95	-1457.21	3246.57	-28.16	-522.88	1685.11
165	526	488	219	157	286	208	-40.68	-73.99	-7.57	15135.91	-1634.35	3172.44	-47.46	-579.24	1669.51
165	526	487	219	157	286	208	-42.79	-74.27	-8.10	15257.91	-1791.83	3087.82	-42.58	-622.28	1645.23
166	526	488	220	157	286	209	-44.94	-74.45	-8.56	15353.62	-1928.24	3006.83	-80.45	-634.16	1614.07
165	526	488	219	158	286	209	-47.37	-74.40	-9.10	15416.93	-2082.43	2923.09	-166.18	-622.35	1557.82
166	526	488	219	157	286	209	-49.82	-74.21	-9.64	15457.29	-2236.31	2832.73	-234.32	-588.69	1471.67
166	526	488	219	157	287	209	-51.84	-73.84	-10.24	15451.62	-2398.69	2735.50	-207.91	-538.60	1347.04
166	526	488	219	158	287	209	-53.30	-73.70	-10.62	15430.64	-2498.56	2637.92	-85.61	-486.82	1186.09
166	526	488	219	157	286	209	-55.22	-73.88	-10.76	15409.91	-2532.43	2519.83	0.57	-430.38	1067.83
166	526	487	219	157	287	210	-58.08	-73.83	-10.93	15360.21	-2569.81	2395.43	-18.46	-339.86	1026.64
166	526	487	218	157	287	209	-59.92	-73.48	-11.25	15328.00	-2650.12	2299.86	-35.39	-223.37	1028.61
166	526	487	219	157	286	209	-60.59	-72.98	-11.60	15323.40	-2744.21	2241.67	53.43	-87.70	1035.18
166	526	487	219	156	287	209	-59.74	-72.68	-11.65	15346.23	-2761.80	2237.19	183.31	68.68	1047.22
166	526	487	219	157	287	210	-58.01	-72.41	-11.61	15366.72	-2754.31	2284.53	273.50	199.25	1051.21
166	526	487	219	157	287	210	-55.63	-72.29	-11.46	15396.38	-2721.00	2339.10	357.17	286.44	1053.30
166	525	487	220	156	287	210	-53.28	-72.38	-11.25	15430.37	-2669.75	2391.94	440.96	333.67	1089.28
166	526	487	219	157	287	210	-51.46	-72.43	-11.16	15426.25	-2644.66	2453.95	507.32	349.33	1162.87
166	526	487	220	157	287	211	-50.21	-72.55	-11.18	15400.13	-2646.82	2515.65	544.20	310.42	1254.43
166	526	487	220	157	287	211	-49.67	-72.68	-11.41	15372.93	-2703.28	2573.27	587.29	224.75	1366.21
166	526	487	219	157	287	212	-49.38	-72.80	-11.71	15323.08	-2774.12	2625.20	642.77	109.91	1505.94
166	526	487	219	157	287	212	-49.33	-72.95	-12.05	15261.53	-2852.01	2661.74	708.14	-13.79	1641.40
166	526	487	219	157	288	212	-49.41	-73.27	-12.31	15224.25	-2915.61	2670.46	793.88	-132.80	1787.78
167	526	487	219	156	287	213	-50.00	-73.50	-12.56	15202.64	-2981.83	2657.53	802.19	-219.36	2001.29
167	526	487	219	157	286	213	-51.76	-73.34	-13.15	15177.50	-3134.34	2617.66	740.78	-300.04	2237.02
166	526	487	219	157	287	213	-53.43	-72.74	-14.18	15169.23	-3416.82	2577.97	757.69	-395.64	2395.77
167	526	487	219	157	286	213	-54.75	-72.21	-15.12	15177.97	-3678.38	2517.68	896.50	-466.31	2488.73
167	526	487	219	157	286	214	-56.65	-71.76	-15.85	15187.47	-3885.26	2430.79	897.98	-496.79	2558.15
166	526	487	219	157	287	214	-58.74	-71.00	-16.75	15190.50	-4139.60	2356.85	792.13	-499.85	2611.09
166	526	487	219	157	287	215	-60.86	-70.05	-17.76	15176.57	-4420.42	2282.61	664.07	-490.01	2630.54
167	526	486	219	157	287	215	-62.21	-69.10	-18.82	15176.54	-4725.80	2237.68	660.42	-486.61	2580.36
166	526	486	220	158	287	215	-63.17	-68.43	-19.55	15181.91	-4938.71	2197.80	721.80	-468.88	2473.49
167	526	486	219	157	287	214	-64.16	-68.10	-19.98	15209.02	-5076.37	2155.11	745.46	-440.03	2346.57
167	526	486	219	157	287	215	-65.06	-67.72	-20.36	15244.77	-5201.55	2131.75	728.99	-395.63	2196.24
167	526	486	219	157	287	215	-65.44	-67.59	-20.55	15273.33	-5268.28	2122.16	764.04	-352.25	2020.68
167	525	486	219	157	287	215	-66.05	-68.53	-20.22	15322.12	-5189.52	2064.20	791.43	-300.75	1546.96
167	526	487	219	157	287	215	-65.95	-69.06	-19.92	15341.42	-5104.84	2043.99	746.60	-288.81	1440.76
167	526	486	219	157	287	215	-65.08	-69.84	-19.35	15375.75	-4950.80	2019.79	617.17	-265.47	1422.37
167	526	486	219	156	287	214	-64.00	-70.37	-19.00	15386.36	-4850.06	2037.20	590.01	-277.10	1478.50
167	526	487	219	157	287	215	-59.84	-71.35	-18.25	15421.84	-4643.76	2060.54	782.56	-330.94	1585.98
167	526	486	219	157	287	216	-51.82	-71.95	-16.88	15493.75	-4267.37	2108.31	888.39	-377.00	1865.08
167	526	487	219	157	287	219	-47.65	-72.38	-15.88	15538.46	-3992.60	2238.30	753.72	-449.75	2400.58
167	526	487	220	157	287	223	-45.89	-72.95	-15.43	15474.34	-3845.97	2374.98	544.03	-631.41	3105.70
167	526	486	219	157	288	227	-48.01	-73.54	-15.75	15330.42	-3897.87	2418.63	136.63	-912.94	3912.66
167	525	487	220	157	287	233	-52.92	-72.00	-17.91	15018.10	-4414.98	2300.50	-374.35	-1249.54	4711.48
167	525	489	219	157	287	241	-57.15	-69.29	-22.11	14474.80	-5411.23	1977.88	-612.18	-1634.31	5210.65
166	525	492	220	157	286	246	-62.20	-65.58	-28.16	13622.06	-6779.07	1412.98	-1003.23	-1948.90	5259.62
167	527	497	220	157	285	246	-68.64	-61.21	-33.90	12853.75	-8078.51	691.13	-1728.26	-1978.45	4820.54
167	527	502	220	157	286	242	-74.40	-55.48	-38.89	12290.07	-9312.99	-45.42	-2350.80	-1441.68	3756.76
167	525	505	220	158	287	234	-76.94	-48.83	-43.37	11788.56	-10485.74	-500.55	-2354.56	-557.30	1965.18
167	526	506	220	156	287	221	-77.66	-42.43	-45.90	11483.73	-11172.45	-649.33	-2034.23	507.27	228.52
166	527	506	220	156	287	204	-77.45	-36.91	-46.76	11210.75	-11231.03	-566.26	-1729.42	1666.00	-1421.31
165	529	504	219	154	284	187	-74.71	-31.28	-47.51	10736.81	-11021.68	-310.55	-1325.10	2598.80	-2988.64
164	530	501	219	154	279	180	-64.64	-25.87	-46.75	10249.57	-10205.39	9.78	-787.30	3457.36	-4477.61
162	531	494	219	154	271	179	-55.61	-20.98	-43.86	9922.69	-8880.92	359.49	-766.98	4312.35	-5892.13
160	532	485	220	154	258	178	-48.97	-15.12	-39.92	9331.55	-7195.88	887.32	-1246.48	5223.03	-7235.92
159	531	481	221	152	247	178	-41.48	-11.19	-33.74	8615.78	-5197.73	1590.15	-1326.41	5591.33	-8512.53
160	529	483	220	151	245	179	-34.44	-9.69	-24.66	8244.19	-3299.50	2196.24	-1395.04	5536.56	-8760.70
161	524	484	221	150	246	182	-28.33	-9.13	-13.45	7984.78	-1496.17	2845.63	-1572.34	5328.58	-7844.22
161	515	485	221	154	249	185	-21.05	-9.23	-2.59	7800.74	-5.36	3462.75	-1309.82	4964.40	-6293.95
161	516	486	221	155	254	188	-12.72	-9.49	6.89	7505.50	1201.30	3925.61	-555.98	4511.78	-4458.31
162	517	487	222	155	257	195	-4.73	-9.81	16.77	7084.03	2368.24	4323.73	215.22	3992.39	-2597.04
163	518	486	221	155	262	206	1.23	-10.76	24.89	6672.43	3274.23	4638.15	559.71	3266.07	-828.84
164	519	486	222	156	270	218	4.80	-12.03	29.69	6206.00	3681.91	4883.84	577.43	2350.17	850.95
164	522	485	221	156	275	228	6.10	-14.10	31.00	5841.90	3643.02	4995.65	453.95	1228.41	2446.75
164	523	485	221	156	280	233	3.70	-17.22	30.19	5596.81	3396.27	5024.46	127.21	171.54	3962.77
164	524	489	220	156	283	238	-3.58	-17.34	27.01	5105.37	2766.45	4918.24	-395.35	-741.24	5402.98
164	528	499	220	155	284	248	-11.63	-18.30	20.60	4467.10	1887.93	4706.53	-999.64	-1839.92	6771.18
164	531	503	221	154	286	255	-18.57	-20.92	0.94	3749.34	390.74	4392.40	-1319.10	-3181.58	8070.97
165	533	505	221	156	287	254	-22.79	-23.50	-25.57	3348.28	-1109.80	3892.18	-826.45	-4312.25	9305.77
166	531	507	221	156	286	249	-27.22	-23.57	-49.88	2626.46	-2387.71	3242.37	-352.18	-4969.39	10430.03
166	532	507	221	156	286	243	-35.86	-22.70	-73.43	1595.54	-3906.73	2477.65	-1068.27	-5440.52	11341.88
167	533	511	221	156	285	240	-44.04	-21.72	-82.21	1111.36	-5349.79	1718.17	-1809.70	-5577.69	11559.04
168	532	511	221	156	284	240	-48.38	-19.58	-84.66	993.19	-6720.70	1046.06	-1680.62	-5188.46	10535.98
169	531	509	221	157	285	239	-51.65	-16.05	-87.10	755.94	-7970.66	434.16	-1327.19	-4500.83	8790.23
169	532	507	220	157	285	240	-55.46	-12.33	-88.67	550.54	-8982.53	-54.15	-1213.13	-3680.69	6773.87
169	533	506	221	157	285	238	-59.49	-8.87	-88.93	523.61	-9785.20	-446.24	-1259.67	-2783.86	4796.78
169	532	505	221	157	286	237	-63.11	-5.96	-87.59	782.83	-10320.54	-729.33	-1285.09	-1730.61	2918.54
169	529	501	221	157	286	229	-64.62	-3.21	-86.10	1079.89	-10596.12	-855.86	-897.28	-581.23	1134.21
169	527	499	221	157	285	214	-64.39	-1.52	-84.98	1287.69	-10514.91	-869.07	-136.47	430.93	-560.90
168	528	496	220	157	284	200	-68.89	-3.89	-83.41	1528.71	-9996.96	-905.22	756.95	1184.33	-2171.25
168	529	490	220	157	281	193	-55.87	-4.15	-79.96	1974.87	-8929.91	-849.95	1340.06	1831.87	-3557.59
167	530	484	221	157	280	189	-47.22	-4.02	-75.17	2454.33	-7673.22	-638.86	1088.85	2341.97	-4492.76
166	531	481	221	157	278	188	-41.08	-4.86	-69.47	2908.01	-6541.96	-306.51	506.26	2601.67	-5061.02
166	531	479	221	157	278	189	-35.43	-7.16	-61.99	3469.01	-5561.26	83.81	90.75	2596.89	-5389.57
166	522	483	221	159	282	203	8.72	-61.59	7.78	13091.38	2076.55	3921.74	-2271.88	-221.50	2344.49
166	522	483	222	158	281	203	4.19	-62.37	6.42	13201.41	1782.72	3864.25	-2293.58	-237.08	2525.17
166	523	483	222	159	282	205	-1.18	-62.97	4.88	13281.34	1438.59	3796.84	-2329.40	-253.47	2669.01
166	523	483	222	159	282	206	-6.39	-63.44	3.33	13385.68	1093.66	3725.80	-2370.78	-255.35	2782.66
166	523	483	222	158	284	205	-11.18	-63.86	1.88	13521.59	766.97	3649.71	-2421.79	-223.48	2850.08
166	523	483	221	158	283	206	-15.49	-63.72	0.24	13637.51	389.02	3615.02	-2423.65	-152.51	2852.07
166	523	483	221	159	283	207	-18.40	-63.79	-1.21	13744.84	49.77	3607.27	-2232.47	-127.63	2775.87
166	523	483	221	159	284	207	-20.02	-64.44	-1.94	13876.19	-126.32	3592.91	-2017.95	-107.75	2638.48
166	523	483	221	158	284	207	-21.12	-65.20	-2.43	14018.98	-247.60	3581.26	-1874.60	-85.66	2506.40
167	524	483	221	159	283	207	-21.96	-65.95	-2.80	14153.24	-342.02	3566.00	-1774.97	-64.03	2415.13