170	515	513	220	164	280	216	-57.37	-64.18	-23.54	15060.20	-6082.47	3885.15	215.55	-112.03	850.82
170	515	513	220	164	280	215	-56.82	-64.22	-23.43	15072.19	-6053.55	3917.90	220.28	-104.83	830.48
171	515	513	219	165	280	216	-55.13	-64.54	-23.05	15103.38	-5950.27	3987.40	285.86	-132.13	809.76
169	515	513	220	164	279	215	-52.59	-64.97	-22.50	15134.21	-5797.55	4085.03	394.47	-184.98	823.87
170	515	513	219	164	280	214	-48.98	-65.80	-21.83	15179.50	-5613.08	4194.58	697.20	-344.23	908.33
170	515	513	220	164	280	214	-43.83	-66.91	-20.70	15228.93	-5294.82	4278.05	987.39	-538.42	1127.61
170	515	514	220	165	280	214	-40.17	-68.16	-19.69	15267.48	-5011.68	4317.75	1073.67	-755.65	1539.53
171	514	514	220	165	280	215	-39.07	-69.54	-19.00	15326.11	-4828.70	4318.06	954.23	-975.11	2114.15
171	514	514	220	164	281	217	-41.82	-70.10	-19.08	15299.40	-4844.26	4263.36	598.07	-1106.01	2793.79
171	515	515	220	164	280	219	-45.95	-68.96	-20.86	15095.43	-5293.25	4129.19	223.57	-1343.56	3414.60
171	514	517	219	164	280	223	-50.12	-67.49	-23.25	14813.26	-5889.79	3864.53	27.94	-1665.93	3846.57
171	515	518	219	164	280	227	-54.92	-65.22	-26.67	14450.60	-6757.30	3444.30	-311.16	-1915.48	3986.95
172	514	519	219	166	281	231	-60.27	-62.08	-31.09	13991.87	-7903.83	2882.69	-795.70	-2024.31	3734.35
173	514	520	219	163	281	232	-64.55	-58.38	-35.10	13633.87	-9014.04	2312.15	-1046.56	-1873.14	2966.83
173	515	520	220	164	282	227	-67.97	-53.56	-38.20	13322.78	-9886.94	1791.35	-1112.09	-1306.69	1626.89
174	515	520	220	164	284	217	-70.06	-48.33	-40.36	13049.24	-10472.39	1427.38	-955.88	-487.50	-92.86
174	516	519	220	164	284	203	-71.15	-43.52	-41.43	12784.78	-10655.37	1252.81	-677.09	459.52	-1726.61
173	517	517	220	164	282	196	-71.43	-39.26	-41.78	12489.14	-10528.40	1238.97	-495.48	1513.05	-3278.68
172	519	514	220	164	278	193	-68.77	-34.20	-42.23	12023.88	-10276.38	1384.42	-90.41	2517.29	-4753.15
171	519	509	220	163	272	186	-58.19	-29.46	-41.52	11434.49	-9493.36	1645.80	655.51	3107.93	-6153.89
170	519	507	220	163	269	183	-48.73	-25.14	-38.05	10924.36	-7955.10	1988.11	816.44	3581.93	-7484.60
169	519	507	220	162	262	181	-42.29	-20.72	-31.82	10560.74	-6012.74	2447.50	279.31	4229.64	-8748.77
170	519	502	219	160	251	181	-36.49	-16.43	-25.11	10049.91	-4220.90	3081.53	-205.30	4814.20	-9779.73
171	518	501	217	159	248	181	-27.64	-14.48	-16.38	9533.41	-2371.51	3810.65	336.86	4778.74	-9564.99
171	515	503	218	161	252	185	-19.63	-13.40	-6.17	9098.14	-614.58	4450.32	756.17	4593.26	-8675.69
171	513	503	217	161	255	188	-12.23	-12.98	3.08	8707.43	784.15	4994.00	1213.21	4265.04	-7218.76
172	513	505	218	162	258	191	-4.94	-12.85	12.89	8264.86	2148.34	5356.90	1656.50	3827.44	-5363.72
172	513	506	217	162	262	198	0.38	-12.95	22.65	7745.22	3426.92	5661.46	1660.53	3247.77	-3457.18
173	514	507	217	163	265	207	3.94	-13.99	29.53	7264.96	4260.58	5941.39	1419.50	2449.43	-1645.97
173	515	508	217	162	270	220	6.50	-15.83	33.69	6886.31	4703.15	6200.32	1160.77	1512.81	74.68
174	516	508	217	162	275	230	8.09	-17.38	35.64	6505.19	4759.79	6356.50	1034.44	535.37	1709.29
174	516	508	217	162	278	235	7.86	-19.59	36.17	6208.93	4628.40	6373.28	794.46	-407.40	3262.18
174	516	511	217	162	280	238	3.23	-20.35	34.92	5855.29	4189.58	6316.01	455.59	-1242.33	4737.42
173	516	515	217	162	281	242	-4.13	-19.85	33.56	5207.92	3566.30	6125.81	-142.99	-2229.21	6138.90
173	516	518	217	162	283	248	-12.32	-21.76	27.81	4676.33	2624.19	5836.72	-767.29	-3416.30	7470.30
174	517	520	217	163	284	251	-19.85	-23.99	18.50	4401.31	1695.38	5442.48	-1163.47	-4348.54	8735.14
174	517	520	217	163	283	245	-27.77	-23.21	7.70	3777.44	800.61	4916.76	-1588.15	-4876.21	9936.73
174	517	520	217	163	282	241	-34.75	-23.27	-21.27	2602.97	-550.02	4234.72	-1888.89	-5758.50	11078.24
173	518	520	216	163	281	236	-39.16	-24.89	-60.00	1739.42	-2101.92	3549.19	-1626.55	-6792.77	12162.68
173	517	520	216	163	281	230	-44.97	-24.59	-80.05	985.05	-3375.23	2699.53	-1680.02	-7300.14	12955.80
173	516	520	216	163	280	230	-53.98	-23.33	-89.85	348.00	-4666.66	1598.15	-2457.22	-7430.53	13250.61
173	518	520	215	163	280	232	-62.50	-21.57	-93.93	-107.60	-6071.73	427.84	-3311.76	-7260.95	12780.63
173	519	521	215	163	281	232	-66.72	-18.80	-94.77	-313.82	-7406.54	-572.15	-3221.17	-6702.31	11579.50
174	519	521	215	162	282	229	-68.93	-14.10	-96.92	-735.53	-8462.22	-1479.54	-2591.66	-5747.34	9876.67
174	520	521	215	162	282	228	-71.11	-8.88	-99.53	-1304.35	-9414.91	-2205.16	-2088.63	-4731.47	7785.94
175	521	522	215	162	285	232	-72.45	-3.65	-100.48	-1645.34	-10357.36	-2691.51	-1564.25	-3544.30	5758.24
175	520	522	216	162	284	239	-72.50	2.59	-100.84	-1856.87	-11095.69	-2986.33	-834.69	-2033.78	3831.93
174	518	522	217	162	285	241	-70.98	8.62	-101.62	-2100.63	-11502.91	-3075.41	195.00	-629.29	2001.93
174	517	521	219	163	283	237	-69.75	12.92	-101.68	-2099.19	-11425.76	-3028.84	1120.40	518.57	263.44
173	517	521	219	163	283	225	-66.84	12.05	-100.98	-1859.63	-10964.47	-2813.60	1701.78	1486.59	-1388.14
173	518	520	219	164	280	209	-56.83	12.25	-99.83	-1484.05	-10151.25	-2441.72	2094.89	2417.66	-2957.13
173	519	518	220	163	276	202	-47.27	12.83	-98.72	-1112.05	-9090.89	-1947.44	2343.65	3144.88	-4447.67
173	521	515	220	163	274	199	-39.24	11.92	-96.74	-632.25	-7832.54	-1433.66	2318.96	3457.94	-5496.34