164	527	486	224	162	285	213	-83.84	-61.08	-27.67	13768.51	-6711.73	379.85	-381.17	347.37	-832.63
164	527	486	225	161	286	212	-84.35	-60.94	-27.72	13759.28	-6722.54	362.26	-386.21	397.26	-772.35
164	527	487	224	162	285	212	-84.72	-60.83	-27.80	13772.92	-6752.82	355.75	-388.40	434.09	-699.28
164	527	487	224	162	285	212	-85.16	-60.97	-27.81	13886.04	-6816.84	339.92	-342.98	501.88	-565.67
164	527	486	224	162	285	212	-85.19	-60.86	-27.87	13947.74	-6866.19	346.72	-314.73	551.88	-507.28
164	527	486	224	162	286	211	-84.96	-60.75	-27.87	14012.55	-6900.08	373.39	-271.89	606.14	-461.27
164	527	485	224	162	286	210	-85.06	-60.70	-27.88	14074.52	-6937.68	381.92	-266.75	639.63	-443.86
163	526	484	224	162	285	210	-85.22	-60.48	-28.03	14111.19	-7002.40	394.42	-284.76	671.00	-441.06
164	526	484	224	162	286	210	-85.31	-60.19	-28.26	14139.63	-7086.48	415.70	-299.92	692.60	-465.01
164	527	484	224	162	286	210	-85.24	-59.90	-28.52	14161.05	-7180.35	440.12	-287.07	700.67	-499.61
164	526	484	224	161	285	210	-84.92	-59.68	-28.76	14182.00	-7268.14	471.51	-224.97	702.34	-560.58
164	526	485	224	162	285	209	-84.17	-59.74	-28.83	14206.50	-7303.13	517.54	-99.32	678.12	-633.75
164	526	485	224	162	286	208	-83.51	-60.24	-28.62	14255.77	-7264.97	545.26	22.59	636.26	-678.71
164	526	485	224	162	285	209	-83.13	-60.87	-28.23	14330.39	-7182.92	563.80	72.56	623.00	-664.43
164	526	485	224	162	285	208	-82.83	-61.27	-27.89	14395.87	-7110.18	600.01	39.29	646.10	-600.01
164	526	485	224	162	286	208	-82.36	-61.51	-27.74	14439.07	-7084.87	660.61	8.57	636.75	-544.46
164	526	486	224	162	285	208	-81.79	-61.73	-27.66	14485.12	-7085.62	715.58	-3.01	601.31	-514.03
164	526	485	224	161	285	209	-81.16	-61.81	-27.73	14506.06	-7118.54	792.20	17.14	558.24	-511.83
164	526	485	224	162	286	209	-80.65	-61.93	-27.79	14489.76	-7127.22	850.19	29.94	503.73	-522.69
163	525	485	224	162	286	209	-80.74	-61.97	-27.99	14443.07	-7166.86	884.08	-19.51	414.24	-537.16
163	526	485	224	162	286	209	-80.86	-62.05	-28.19	14416.12	-7213.71	895.27	-23.79	321.98	-535.20
163	526	485	224	162	285	208	-81.25	-62.19	-28.25	14411.91	-7229.23	867.91	-4.95	270.78	-491.54
164	526	486	224	162	285	206	-81.62	-62.19	-28.27	14427.72	-7246.77	834.11	36.75	269.24	-436.86
163	526	486	224	162	285	205	-81.96	-62.22	-28.26	14455.13	-7259.03	789.01	114.76	270.83	-445.12
164	526	486	224	162	286	204	-82.15	-62.24	-28.21	14514.17	-7273.48	752.96	221.43	288.49	-516.81
164	526	485	224	162	285	203	-82.66	-62.28	-28.07	14552.86	-7249.20	699.51	274.85	337.82	-585.97
163	526	486	224	162	286	203	-83.42	-62.05	-28.07	14572.62	-7259.14	660.53	208.51	404.72	-650.47
164	525	486	224	162	285	202	-84.01	-61.54	-28.32	14553.79	-7330.98	641.11	126.89	455.99	-750.40
164	526	486	224	162	286	202	-84.43	-60.85	-28.78	14529.50	-7463.44	625.25	93.29	493.39	-905.38
164	526	486	224	162	286	200	-85.13	-59.28	-30.00	14470.65	-7829.02	554.20	136.10	617.84	-1467.77
163	526	486	224	162	285	199	-85.44	-59.08	-30.40	14465.32	-7958.57	545.29	93.64	661.00	-1684.33
164	525	486	224	162	285	199	-85.28	-59.10	-30.80	14549.25	-8140.04	599.63	65.81	730.85	-2019.51
163	525	486	224	162	286	198	-83.84	-58.46	-30.85	14685.19	-8237.84	723.05	227.42	863.16	-2547.44
163	525	485	224	162	285	196	-80.78	-57.97	-30.55	14801.13	-8206.74	952.50	676.70	1085.05	-3263.21
163	524	485	224	162	285	194	-71.89	-58.58	-28.89	14929.07	-7720.41	1117.87	1114.36	1202.00	-4011.30
162	523	485	224	162	284	194	-62.00	-58.57	-26.53	14983.82	-6979.59	1310.98	1313.15	1208.75	-4503.14
162	525	484	223	161	284	197	-52.22	-57.77	-22.69	15040.83	-5814.21	1531.43	1379.99	1069.01	-4675.13
164	526	483	223	160	283	198	-42.39	-56.83	-17.58	15152.19	-4362.50	1760.46	1532.99	841.41	-4380.32
164	527	484	223	159	284	202	-33.01	-55.84	-11.59	15195.98	-2716.77	1909.43	1678.24	535.74	-3478.41
166	528	484	224	159	285	210	-25.38	-55.00	-6.23	15073.78	-1276.33	2028.36	1520.48	166.95	-1940.34
166	528	484	224	159	285	225	-19.32	-54.90	-3.04	14734.49	-431.52	2163.74	1213.75	-350.55	-204.97
166	528	484	224	159	286	240	-14.98	-56.05	-1.74	14279.57	-90.34	2297.36	956.87	-1005.97	1443.63
167	527	484	224	159	287	250	-15.35	-57.74	-1.86	13752.39	-104.82	2401.89	732.82	-1742.82	3009.80
166	526	484	224	160	287	254	-19.84	-54.69	-3.34	12889.97	-400.78	2413.59	455.93	-2494.13	4497.66
167	526	485	224	160	287	252	-26.33	-51.92	-6.92	11871.27	-1067.74	2311.71	-70.52	-3217.92	5911.12
167	526	490	224	159	287	249	-30.67	-49.73	-14.38	10602.30	-2299.36	2210.73	-94.34	-3983.93	7253.92
166	527	496	224	159	285	242	-33.08	-47.44	-22.39	9313.19	-3367.59	1952.39	519.93	-4733.33	8529.57
167	528	497	223	157	285	235	-36.92	-44.87	-32.78	7895.73	-4536.01	1619.57	739.68	-5372.76	9741.44
167	529	498	222	157	284	234	-43.31	-42.34	-45.47	6511.34	-5947.61	1176.39	210.60	-5859.43	10869.42
167	530	500	221	157	284	233	-50.72	-40.19	-56.64	5351.18	-7288.63	376.17	-462.83	-6259.55	10991.00
167	532	502	220	157	284	231	-57.33	-36.89	-63.41	4786.02	-8562.60	-593.23	-914.84	-5984.23	10168.60
168	530	502	219	158	284	228	-61.69	-30.53	-70.06	4000.12	-9772.87	-1435.97	-908.05	-5001.41	8562.27
168	531	502	219	159	285	230	-64.64	-24.02	-76.24	3090.91	-10922.62	-2033.17	-698.75	-3985.04	6495.76
168	531	503	219	157	285	236	-67.75	-17.27	-81.06	2277.96	-12014.89	-2346.91	-753.06	-2833.04	4532.57
168	531	505	221	158	286	244	-69.37	-11.01	-84.12	1710.67	-13027.75	-2426.37	-599.26	-1650.89	2667.54
168	527	504	222	159	286	247	-70.29	-5.13	-85.78	1355.13	-13526.36	-2318.85	-416.29	-454.00	895.76
169	524	503	222	159	286	242	-71.47	-0.73	-86.67	1147.18	-13642.44	-2190.51	-357.78	481.85	-787.43
169	524	503	223	159	285	224	-73.01	1.61	-86.57	1157.02	-13381.52	-2089.98	-383.94	1273.36	-2386.45
169	525	502	223	160	286	202	-74.58	3.48	-86.40	1168.57	-12921.04	-1973.48	-538.29	2102.84	-3905.53
167	528	499	223	159	285	190	-73.95	5.31	-86.27	1165.14	-12429.79	-1772.01	-626.33	2937.90	-5348.66
166	530	493	222	159	282	185	-66.10	9.46	-86.61	1050.68	-11743.90	-1528.21	-307.51	3698.81	-6719.62
165	531	485	223	159	279	183	-54.96	12.23	-87.06	896.15	-10600.71	-1319.00	52.76	4231.62	-8022.04
163	531	480	223	158	276	181	-45.91	13.64	-87.72	712.74	-9162.27	-1056.05	58.98	4492.24	-9259.34
163	531	479	223	158	273	182	-38.07	13.61	-87.95	610.70	-7382.36	-656.25	-92.07	4482.32	-10434.77
162	531	481	223	158	272	181	-30.86	12.45	-85.00	833.17	-5374.89	-169.63	-274.02	4366.11	-11529.08
161	531	481	222	156	269	181	-23.76	12.03	-79.08	1067.51	-3467.79	255.85	-365.02	4426.70	-11936.23
161	529	481	222	155	265	184	-16.53	10.82	-65.93	1222.53	-1656.05	575.86	-335.92	4265.57	-11209.92
161	526	481	223	156	268	187	-10.06	8.33	-17.15	1456.61	-13.65	824.06	-374.77	3785.74	-9724.52
161	526	482	223	157	271	191	-5.73	5.62	31.22	1646.38	1129.03	1039.86	-866.33	3241.05	-7895.14
162	527	482	223	158	274	195	-1.85	2.42	48.79	1852.46	2068.38	1304.27	-1297.82	2597.80	-5915.39
162	527	483	223	158	276	201	2.18	-1.48	52.84	2065.23	2617.96	1580.65	-1379.28	1877.11	-3981.27
162	527	483	224	158	280	206	7.68	-5.82	54.02	2360.97	3124.46	1786.02	-1044.66	1096.45	-2143.85
162	526	484	223	158	282	216	12.18	-9.22	55.56	2495.12	3485.84	1866.92	-970.18	451.08	-398.31
163	526	484	224	159	283	224	3.87	-14.94	51.28	2609.77	3171.15	1782.57	-1330.07	-203.42	1259.95
163	525	483	224	160	284	225	-5.09	-17.71	37.87	2838.48	2281.99	1547.84	-1716.52	-764.20	2835.31
163	522	486	224	160	285	230	-12.52	-18.25	12.91	2774.76	893.69	1226.05	-1853.79	-1174.04	4331.89
164	522	491	225	161	286	240	-18.65	-19.26	-22.02	2753.62	-645.59	798.95	-1702.65	-1646.04	5317.85
164	523	493	225	162	286	245	-23.90	-19.42	-42.87	3062.14	-2199.52	390.40	-1438.92	-1711.44	5679.70
163	523	495	225	161	287	246	-28.41	-18.64	-53.12	3211.63	-3501.14	26.68	-1078.37	-1547.72	5569.27
163	523	497	225	161	286	245	-32.74	-18.69	-56.32	3547.65	-4489.68	-187.45	-831.25	-1396.93	5152.05
164	527	491	225	161	286	220	-81.18	-55.74	-32.27	12322.03	-7237.17	-360.00	1912.46	1307.43	-2794.75
164	528	489	225	161	286	217	-81.95	-56.81	-31.48	12555.53	-7149.11	-348.80	1825.13	1371.91	-2847.76
164	527	485	224	161	286	215	-81.40	-57.25	-30.90	12725.95	-7084.05	-284.16	1749.08	1417.16	-2895.73
163	526	482	225	162	287	213	-82.97	-58.11	-30.19	12831.86	-6936.45	-294.36	1529.62	1438.70	-2888.99
163	525	481	224	162	286	212	-84.53	-58.46	-29.94	12893.86	-6901.83	-268.84	1116.29	1419.32	-2816.94
164	526	482	224	162	287	212	-85.59	-58.09	-30.17	12996.17	-7026.93	-243.40	799.73	1422.70	-2769.94
163	525	482	225	162	288	211	-85.46	-57.54	-30.47	13073.96	-7162.99	-202.43	767.69	1446.77	-2813.65
163	525	482	225	162	287	211	-84.67	-57.49	-30.53	13114.26	-7204.04	-153.90	924.11	1440.23	-2895.81
163	526	482	224	162	287	210	-84.12	-58.03	-30.14	13193.75	-7132.84	-111.21	992.35	1426.07	-2933.02