162	524	480	218	153	288	212	-92.98	-69.70	-21.15	15266.95	-5443.48	-401.41	-369.46	1164.94	-3258.80
162	524	480	218	154	288	211	-92.07	-69.92	-20.88	15299.60	-5376.11	-314.54	-486.48	1141.25	-3174.86
162	524	480	218	153	288	211	-91.11	-70.36	-20.59	15318.82	-5295.10	-251.61	-530.06	1082.73	-3116.32
162	524	480	218	153	288	211	-89.58	-71.58	-19.86	15316.44	-5080.67	-169.48	-495.09	917.15	-2973.33
163	524	480	217	153	288	211	-89.59	-72.36	-19.44	15308.82	-4952.63	-156.40	-488.98	823.79	-2890.46
162	524	480	217	153	288	210	-90.38	-72.68	-19.09	15304.38	-4849.80	-166.98	-535.84	746.65	-2761.49
163	524	479	217	154	288	211	-91.56	-72.96	-18.88	15304.16	-4786.91	-180.83	-576.04	706.47	-2569.61
163	524	480	217	154	288	212	-92.26	-73.18	-18.76	15337.75	-4762.37	-213.39	-620.69	703.75	-2379.53
163	524	480	217	154	288	211	-92.23	-73.38	-18.81	15354.67	-4784.45	-184.32	-626.41	741.71	-2240.25
163	524	480	217	154	288	212	-91.87	-73.50	-18.86	15368.73	-4802.83	-157.51	-609.09	778.02	-2150.09
162	523	480	217	154	287	212	-91.53	-73.65	-18.84	15410.50	-4810.48	-137.03	-598.93	790.37	-2080.09
163	523	480	217	154	287	210	-91.70	-73.48	-18.95	15429.37	-4851.76	-113.98	-609.94	788.40	-2038.48
163	524	480	217	154	287	210	-91.10	-73.57	-19.03	15465.10	-4885.37	-112.68	-619.09	787.13	-2043.96
163	523	480	217	154	287	209	-90.39	-73.64	-19.10	15525.05	-4926.10	-110.85	-592.08	802.03	-2073.96
162	524	480	217	154	287	208	-89.66	-73.82	-19.04	15556.00	-4920.80	-85.70	-474.88	809.88	-2120.06
162	524	480	217	154	287	208	-88.52	-74.25	-18.69	15630.20	-4842.96	-44.62	-340.19	799.03	-2109.56
163	523	480	217	154	287	208	-86.49	-74.93	-18.21	15744.49	-4737.21	24.21	-265.58	821.68	-2036.43
163	523	479	217	154	286	208	-84.72	-75.37	-17.93	15792.46	-4667.15	116.20	-242.45	853.75	-1970.11
163	523	479	217	154	287	208	-83.82	-75.61	-17.66	15833.24	-4603.39	167.19	-265.13	827.26	-1932.25
163	523	480	217	154	287	209	-83.40	-75.58	-17.64	15858.58	-4603.42	206.83	-281.67	813.15	-1919.09
162	523	480	217	154	287	209	-83.01	-75.53	-17.65	15843.45	-4603.25	237.69	-228.69	802.14	-1959.29
163	523	480	217	154	287	208	-82.56	-75.53	-17.61	15798.07	-4577.09	265.81	-175.25	786.48	-2028.62
163	523	480	217	154	286	208	-82.01	-75.67	-17.43	15748.37	-4507.03	269.12	-110.64	743.36	-2080.89
162	524	480	217	154	287	207	-82.88	-75.94	-17.15	15738.55	-4419.88	260.86	-116.41	708.39	-2050.10
162	524	480	217	154	287	206	-83.09	-76.14	-16.99	15757.82	-4380.69	274.02	-188.14	704.22	-1995.74
162	523	480	217	153	288	206	-82.74	-76.07	-17.05	15796.13	-4408.85	307.12	-189.33	710.96	-2021.46
162	523	479	217	154	287	204	-82.28	-76.44	-16.79	15856.92	-4349.81	329.76	-150.06	722.81	-2111.23
162	523	479	217	154	287	205	-78.57	-77.68	-15.17	16100.22	-3942.83	517.40	-78.25	748.11	-2714.96
162	523	479	217	154	286	205	-77.51	-77.78	-14.95	16118.81	-3882.89	565.73	-75.79	750.00	-2809.71
162	523	479	217	154	287	205	-76.40	-77.79	-14.67	16137.47	-3804.95	609.24	-147.25	761.40	-2937.27
162	523	479	217	154	286	205	-74.25	-77.75	-14.34	16172.79	-3717.10	692.58	-210.09	770.28	-3111.06
162	523	479	216	153	285	205	-67.42	-77.45	-13.34	16248.15	-3441.44	845.75	-279.73	774.42	-3287.91
161	522	479	216	153	285	206	-61.10	-75.17	-10.32	16236.15	-2563.17	1223.66	-927.95	729.30	-3308.36
160	523	479	216	150	283	205	-57.20	-74.16	-8.17	16083.34	-1929.01	1800.48	-1731.35	310.03	-3098.34
161	524	479	216	150	285	207	-50.60	-74.42	-4.53	16170.77	-923.56	2400.66	-1969.23	-467.32	-2390.28
162	523	479	217	150	286	211	-43.03	-74.47	-0.48	16084.63	200.01	2806.82	-2001.67	-1283.80	-1211.26
162	524	480	217	150	286	218	-35.15	-75.19	2.25	15727.60	938.41	3033.28	-1813.89	-2248.61	390.45
163	524	480	218	151	288	233	-26.28	-76.98	3.87	15263.02	1343.69	3064.62	-1298.19	-3427.33	2009.28
163	523	480	217	152	288	245	-15.95	-80.26	4.43	14702.27	1448.11	2953.19	-562.43	-4629.61	3547.16
163	523	480	218	152	289	253	-23.49	-77.53	4.02	13892.96	1286.10	2695.53	-202.76	-5732.68	5008.16
164	525	481	217	152	290	256	-28.61	-75.72	0.23	12978.71	385.20	2303.15	1.43	-6714.50	6396.10
165	527	487	217	152	288	257	-32.84	-71.85	-4.70	11727.97	-604.66	1775.19	486.16	-7393.57	7714.64
165	529	495	217	151	287	254	-39.51	-67.50	-11.80	10151.17	-1718.23	1023.43	338.65	-7929.90	8967.26
165	533	499	215	149	283	252	-48.73	-63.25	-23.76	8491.41	-3257.52	-25.34	-614.93	-8255.65	10157.25
165	535	503	214	149	282	252	-55.94	-59.08	-35.90	7332.64	-4733.04	-1086.47	-1160.94	-8310.37	10630.43
165	534	505	214	150	282	251	-59.53	-54.39	-46.15	6547.61	-6134.79	-2100.35	-816.79	-7983.55	10023.21
166	534	506	212	150	282	249	-63.86	-49.15	-52.50	6080.23	-7156.45	-2953.73	-683.40	-7307.62	8937.40
167	536	505	211	150	283	248	-69.26	-42.75	-57.92	5561.22	-8008.03	-3683.64	-933.33	-6301.14	7742.33
166	538	505	210	149	283	244	-74.87	-36.14	-63.01	4983.36	-8793.22	-4376.26	-1311.81	-5233.18	6299.01
166	538	504	210	149	284	242	-80.06	-29.35	-67.22	4511.39	-9613.16	-5007.65	-1718.72	-4001.72	4601.81
167	534	503	212	150	284	242	-84.06	-22.01	-71.39	3971.22	-10470.30	-5535.27	-1956.74	-2617.39	2737.32
166	530	502	214	150	283	237	-86.87	-14.62	-74.03	3599.26	-11080.79	-5901.50	-1945.10	-1086.67	962.06
166	530	500	215	152	284	229	-87.48	-7.16	-75.84	3315.50	-11487.95	-6010.03	-1546.30	564.02	-724.45
165	530	498	215	152	284	214	-87.21	-0.02	-77.22	3009.72	-11458.95	-6007.53	-752.08	2090.26	-2326.62
165	530	496	215	152	283	198	-88.20	4.84	-77.23	2919.64	-11079.41	-5890.95	-109.83	3529.80	-3848.69
164	530	495	215	151	283	192	-74.04	5.80	-76.16	2981.85	-10414.83	-5615.60	165.26	4878.56	-5294.66
164	529	492	216	151	280	188	-67.01	7.95	-75.63	2930.36	-9802.89	-5094.62	264.25	5732.23	-6668.33
163	529	489	215	151	279	186	-58.68	9.90	-74.08	2941.04	-8803.75	-4391.89	336.64	6387.32	-7973.31
163	530	484	216	151	277	185	-51.23	11.51	-70.76	3068.99	-7501.96	-3669.70	110.76	6985.61	-9213.04
161	532	480	215	150	274	184	-45.25	12.34	-66.13	3194.94	-6132.06	-2841.01	-325.13	7337.28	-10152.04
160	533	479	215	148	271	183	-38.13	12.18	-57.72	3355.39	-4449.06	-1960.56	-433.17	7391.41	-10666.09
160	532	481	215	149	271	182	-30.74	10.86	-41.67	3616.82	-2588.26	-1274.73	-463.82	7156.24	-10603.38
159	530	482	215	149	271	186	-24.38	8.44	-19.28	3896.98	-913.44	-620.00	-589.57	6659.48	-9829.62
160	528	482	215	150	273	188	-18.34	5.21	2.28	4200.33	488.63	-109.40	-730.95	5955.55	-8560.93
160	528	482	215	150	276	192	-12.72	1.61	15.21	4444.92	1451.20	302.27	-807.70	5190.78	-6967.24
161	527	482	215	152	278	194	-6.68	-2.34	22.70	4637.87	2134.44	635.16	-620.36	4379.24	-5178.18
162	527	482	215	152	281	200	-0.98	-6.34	26.86	4785.98	2588.52	911.40	-303.70	3552.03	-3292.02
162	526	483	216	151	284	208	3.58	-11.04	28.28	4924.08	2804.29	1024.83	-310.11	2800.37	-1489.07
162	525	482	216	153	285	216	-4.30	-17.08	24.23	5123.47	2489.27	1008.59	-894.31	2083.20	223.74
163	523	481	216	153	286	222	-13.75	-19.35	11.23	5175.10	1295.01	734.96	-1573.79	1290.74	1850.90
162	522	481	217	153	288	224	-21.59	-21.39	-5.45	5374.75	-148.54	314.61	-1890.35	624.56	2934.76
163	523	484	217	153	288	224	-26.79	-22.64	-19.03	5767.41	-1541.91	-23.32	-1655.93	305.63	3231.92
163	523	485	218	154	289	224	-30.07	-24.04	-25.32	6112.64	-2401.22	-305.75	-907.89	110.20	3259.52
163	523	485	218	153	290	223	-35.80	-26.12	-27.25	6449.61	-2816.16	-553.66	-779.19	-24.91	3388.65
163	525	487	217	154	289	223	-41.75	-27.92	-29.20	6941.93	-3360.75	-672.58	-1110.43	-80.47	3488.31
163	526	488	218	154	289	222	-44.97	-29.12	-31.53	7453.03	-4035.91	-645.55	-1037.26	-70.54	3265.75
163	526	488	217	154	290	221	-45.66	-31.33	-31.75	7919.98	-4361.32	-613.67	-309.80	-120.17	2790.01
163	526	480	217	154	289	219	-106.32	-68.17	-21.41	14437.43	-5198.04	-1674.44	258.16	625.25	-594.13
163	526	480	217	154	289	219	-105.83	-67.86	-21.49	14450.96	-5225.73	-1641.72	388.65	682.34	-608.83
163	526	480	218	154	289	218	-104.61	-67.67	-21.52	14495.81	-5250.45	-1619.03	479.97	717.17	-632.34
163	526	480	217	154	289	218	-104.01	-67.32	-21.69	14539.62	-5318.33	-1587.28	477.72	754.71	-639.87
163	527	480	216	154	289	216	-103.41	-66.69	-22.10	14555.44	-5442.61	-1537.32	433.59	794.67	-668.13