94	322	324	134	94	276	202	-2.17	-71.66	-2.03	14924.13	-183.48	4828.50	-561.28	171.94	2513.64
94	323	324	134	94	276	202	-3.39	-71.53	-2.28	14927.72	-248.11	4816.47	-610.72	241.04	2617.25
94	323	324	133	93	276	202	-3.73	-71.60	-2.32	14962.74	-260.10	4774.85	-624.73	309.64	2729.59
94	323	323	134	93	277	203	-2.91	-71.76	-2.09	15026.40	-203.10	4673.91	-750.54	419.76	2877.31
94	323	324	134	93	278	203	-6.34	-71.50	-2.48	15074.28	-306.54	4584.61	-951.27	557.47	3085.95
93	323	324	135	93	279	205	-10.77	-70.01	-3.85	15095.16	-660.82	4581.58	-1127.70	741.20	3301.80
93	323	324	134	93	278	205	-15.02	-67.32	-6.64	15041.20	-1378.77	4700.50	-1196.17	875.64	3401.01
93	324	324	134	93	279	207	-18.85	-63.97	-10.87	14939.94	-2471.04	4899.68	-1141.31	986.40	3292.46
93	324	324	134	94	279	209	-22.10	-60.61	-16.18	14762.55	-3854.08	5183.09	-992.69	1014.63	2783.29
93	323	324	134	93	278	210	-25.54	-57.78	-20.73	14594.62	-5063.38	5461.74	-989.61	962.80	1874.97
93	325	324	134	95	278	206	-28.25	-55.31	-25.05	14344.49	-6214.41	5714.85	-855.58	826.16	589.52
94	325	323	135	95	276	199	-29.08	-53.17	-28.07	13945.26	-6926.69	5953.71	-368.55	610.30	-1038.25
94	326	324	133	95	275	192	-28.07	-51.69	-29.27	13479.40	-7036.76	6169.82	171.23	318.84	-2624.74
94	325	324	135	95	271	184	-25.00	-50.28	-29.05	12922.03	-6658.92	6407.93	387.92	-105.30	-4131.90
95	326	324	135	96	268	177	-20.00	-48.98	-27.20	12302.53	-5817.77	6535.94	320.82	-679.64	-5563.71
95	327	324	135	96	266	173	-14.91	-47.83	-22.87	11717.60	-4467.48	6465.94	-168.87	-1239.56	-6923.92
95	327	324	135	96	262	174	-10.57	-46.41	-15.68	11298.12	-2745.31	6196.44	-911.03	-1610.03	-8216.13
96	326	323	136	95	259	171	-5.61	-44.38	-6.96	11002.01	-969.69	5784.02	-1509.48	-1698.53	-9391.92
96	326	323	136	95	254	169	0.05	-42.19	2.10	10764.71	717.14	5394.42	-1801.25	-1648.35	-9697.92
96	326	323	136	95	252	172	6.82	-39.84	10.80	10622.28	2297.08	5207.50	-1487.04	-1526.08	-8933.93
96	326	324	136	96	253	176	14.22	-37.76	16.70	10346.16	3337.43	5171.52	-756.74	-1396.68	-7740.38
96	327	324	137	96	256	179	21.14	-35.71	22.88	10001.06	4413.56	5171.15	-42.35	-1329.69	-6452.16
96	327	324	136	96	258	180	26.14	-33.83	30.52	9657.20	5831.23	5106.59	168.52	-1324.46	-4903.05
96	326	323	137	95	263	182	29.79	-31.88	37.43	9244.34	7153.67	5065.06	77.39	-1332.54	-3019.55
96	326	323	138	95	267	185	33.86	-29.65	42.84	8709.33	8100.39	5082.41	268.32	-1329.41	-1230.22
96	326	323	137	96	271	192	37.71	-27.61	47.08	8157.66	8747.17	5083.89	494.31	-1386.99	469.64
96	325	323	137	95	275	202	40.62	-25.10	49.48	7564.18	8793.41	5047.09	744.74	-1541.74	2084.51
97	325	324	137	96	279	215	41.03	-21.61	50.58	7045.77	8500.74	5017.74	1090.45	-1555.90	3618.63
97	326	324	137	95	282	220	35.01	-17.70	51.24	6348.68	7825.70	5133.05	823.63	-1551.36	5076.05
96	327	323	138	94	284	226	26.24	-16.05	48.01	5553.44	6132.21	5330.80	389.35	-1707.54	6460.60
96	327	324	138	94	287	225	19.84	-16.36	39.28	5241.57	4347.00	5335.06	662.33	-2062.61	7775.92
96	327	323	138	93	288	220	14.92	-15.26	26.00	4978.09	2599.85	5203.70	1222.82	-2031.28	9025.47
96	329	324	138	94	288	216	8.15	-14.35	6.90	4469.59	834.46	5048.52	1252.07	-2156.02	10212.55
96	329	325	138	93	288	210	-0.10	-14.64	-17.12	4159.11	-845.66	4884.29	743.27	-2481.47	10893.82
96	330	325	139	93	289	206	-6.92	-14.86	-36.54	4078.35	-2441.78	4584.68	545.36	-2657.99	11018.08
95	329	326	139	93	289	206	-13.10	-14.49	-50.16	3914.04	-3958.09	4284.84	481.84	-2685.64	10535.72
95	330	326	139	94	290	209	-19.61	-13.84	-59.74	3678.53	-5398.59	4006.20	189.30	-2679.31	9347.84
95	330	326	139	95	290	216	-25.17	-13.00	-66.39	3437.21	-6767.06	3659.49	96.18	-2638.45	7596.55
96	330	325	139	95	290	224	-30.26	-11.21	-72.16	3038.55	-8067.10	3372.12	2.67	-2419.47	5578.32
96	330	327	139	96	290	227	-34.00	-9.43	-77.47	2476.82	-9302.15	3104.31	197.49	-2293.50	3661.00
97	329	327	139	96	290	224	-37.32	-6.86	-80.01	2114.58	-9769.84	2758.10	585.22	-1916.53	1839.55
97	328	327	139	97	289	212	-41.52	-0.93	-81.03	1867.25	-9374.55	2575.39	918.65	-1347.50	109.17
98	329	326	140	97	287	193	-30.98	0.68	-80.72	1744.29	-8298.62	2509.22	1338.72	-900.07	-1534.68
97	329	325	140	96	285	180	-21.62	1.23	-77.58	1783.67	-6245.34	2454.56	1591.49	-588.17	-3096.35
98	331	324	137	95	284	177	-14.43	-1.10	-66.08	2386.49	-4294.72	2181.23	1340.31	-716.91	-4075.58
97	332	325	136	94	285	178	-8.45	-2.86	-45.16	3093.36	-2441.64	2013.17	854.10	-663.47	-4253.40
98	332	325	137	95	283	183	-3.26	-4.64	-25.19	3658.30	-1230.55	2068.11	535.69	-484.29	-3913.18
98	331	326	137	97	282	186	0.17	-7.45	-16.08	4066.78	-743.63	2272.11	448.31	-449.43	-3545.17