102	382	350	155	108	286	202	40.62	-77.15	5.69	16236.92	1919.71	2506.89	-1580.72	937.32	1572.41
102	382	350	155	108	287	200	39.22	-76.94	5.68	16221.27	1914.53	2549.95	-1860.89	993.50	1706.44
103	382	350	154	108	287	199	37.29	-76.67	5.56	16240.01	1881.60	2597.25	-1963.29	1031.93	1871.12
103	383	350	154	107	286	199	37.65	-76.11	5.87	16285.81	1975.32	2604.39	-2090.08	1101.08	2103.96
103	383	350	154	107	286	200	35.81	-75.57	5.95	16323.72	2001.75	2649.77	-2398.32	1193.38	2456.01
103	383	349	154	107	286	201	30.05	-75.10	5.27	16312.93	1808.07	2739.88	-2727.01	1213.96	2866.01
103	383	350	154	107	286	204	23.12	-74.67	4.09	16344.49	1478.26	2809.49	-2867.96	1179.11	3262.96
104	383	349	154	107	286	206	15.73	-73.63	2.55	16331.26	1047.15	2823.41	-3033.01	1205.70	3719.91
103	382	348	154	108	285	210	6.96	-70.41	-0.57	16225.50	175.19	2784.84	-3398.61	1358.47	4188.57
103	383	348	154	108	284	215	-0.84	-66.14	-6.68	15734.82	-1471.97	2837.00	-3673.48	1340.00	4078.24
104	382	348	153	109	284	217	-5.96	-62.92	-12.55	15475.28	-3036.77	2790.95	-3245.76	1227.50	3308.48
105	381	347	154	109	283	214	-10.11	-59.73	-16.82	15208.52	-4164.93	2815.80	-2753.07	1243.77	2147.05
106	382	346	153	109	282	205	-13.72	-56.76	-19.61	14710.49	-4789.68	3051.61	-2441.61	1274.08	703.15
106	382	347	154	109	282	195	-16.48	-55.27	-21.27	14301.77	-5105.40	3238.83	-2221.23	1031.08	-970.41
107	383	347	154	108	281	188	-16.38	-55.35	-21.56	13867.68	-5015.33	3364.49	-1880.47	709.72	-2560.29
107	383	346	154	109	279	185	-10.51	-54.61	-20.27	13388.09	-4487.36	3376.26	-1547.45	462.54	-4070.67
107	383	346	154	108	277	181	-3.88	-52.47	-17.78	12857.49	-3683.79	3449.85	-1152.13	222.21	-5505.54
107	383	346	154	107	273	178	3.24	-50.35	-12.66	12320.21	-2359.80	3425.76	-804.67	-111.60	-6868.66
107	383	346	155	107	271	174	9.01	-48.72	-4.64	11868.40	-603.46	3224.87	-810.29	-546.32	-8163.63
108	381	345	154	105	270	174	14.21	-47.54	3.67	11735.58	1065.06	2904.23	-1009.37	-836.55	-8793.25
107	381	345	154	104	271	175	20.26	-45.92	11.63	11582.80	2650.16	2585.62	-877.30	-984.68	-8250.33
107	381	346	155	104	273	178	26.79	-43.65	19.10	11366.06	4156.00	2261.53	-507.54	-957.89	-6888.27
107	382	346	155	105	274	181	32.30	-40.89	26.13	11041.36	5586.55	1963.66	-305.06	-823.15	-5215.05
107	381	346	155	106	276	184	36.51	-37.61	32.49	10683.09	6925.62	1714.28	-347.06	-534.04	-3315.95
107	381	346	156	106	277	189	40.25	-34.02	36.85	10256.54	7771.94	1549.36	-366.90	-184.69	-1511.80
106	382	347	155	106	280	196	45.01	-30.92	39.52	9744.11	8096.34	1509.89	62.24	23.45	202.14
105	381	346	156	106	281	207	50.05	-28.20	41.43	9294.70	8242.92	1481.60	742.03	307.02	1830.38
104	381	347	155	104	283	221	53.33	-24.78	43.35	8842.17	8367.38	1575.72	1195.33	734.57	3377.21
103	381	347	156	104	284	231	50.49	-19.58	44.49	8189.46	8051.01	1856.13	1073.81	1098.69	4846.70
103	380	346	155	104	286	239	43.00	-16.00	43.09	7421.79	6964.46	2313.73	913.92	1237.01	6242.71
102	380	347	155	105	286	237	36.14	-13.46	38.57	6814.90	5502.23	2683.84	1096.27	1359.76	7568.93
102	380	348	155	105	287	228	30.16	-10.97	31.07	6194.55	3865.52	3065.45	1447.16	1519.02	8828.83
102	380	348	155	104	287	220	24.09	-9.22	17.86	5607.42	2033.85	3457.78	1658.20	1541.47	10025.74
102	380	348	155	104	287	214	16.73	-8.35	-0.49	5133.05	293.75	3883.69	1373.59	1426.05	10768.15
102	380	349	155	102	288	213	9.94	-8.36	-20.49	4862.20	-1359.33	4137.70	1213.01	1186.54	10809.84
102	380	349	155	104	288	214	2.63	-8.48	-37.20	4632.09	-2929.77	4205.62	892.46	959.47	10050.00
102	380	349	155	104	289	217	-4.98	-8.88	-48.53	4535.09	-4421.68	4121.34	439.34	722.59	8712.35
102	380	349	155	105	288	222	-11.08	-8.58	-56.76	4378.13	-5838.99	3993.27	314.82	633.76	6905.43
103	381	350	155	107	289	226	-15.71	-8.18	-61.34	4259.62	-6848.44	3922.41	437.63	624.03	4921.76
103	381	349	155	106	288	228	-19.72	-8.58	-62.57	4247.04	-7207.02	3844.48	534.90	614.67	3037.27
104	382	349	155	108	288	222	-22.71	-10.42	-62.52	4291.29	-7275.67	3803.06	685.25	518.89	1247.01
104	382	349	155	107	287	211	-19.32	-15.66	-60.17	4484.73	-6906.89	3671.91	1059.14	421.55	-453.74
104	383	348	155	107	286	200	-9.87	-18.33	-56.27	4707.69	-6216.54	3516.71	1661.28	368.67	-2017.20
104	383	348	154	107	286	191	-1.33	-19.67	-47.72	5096.71	-4903.12	3399.28	2072.12	240.39	-3149.44
103	382	348	156	108	285	187	4.92	-21.44	-37.15	5505.67	-3584.76	3240.11	1961.56	-20.48	-3818.62
104	383	348	155	108	285	188	9.98	-23.80	-27.19	5985.19	-2570.72	3067.71	1595.69	-285.31	-4163.39
104	383	348	155	108	284	189	14.65	-26.95	-20.82	6431.33	-1985.19	2918.92	1228.80	-460.84	-4258.82
104	383	349	155	109	285	191	17.08	-31.07	-17.99	6809.76	-1770.53	2850.38	1036.91	-572.20	-4362.48
104	383	349	155	108	285	193	19.38	-34.77	-15.71	7220.07	-1604.60	2796.46	1056.37	-614.94	-4428.70