188	585	553	243	202	273	223	-27.96	-39.19	-32.08	10284.22	-5903.57	11118.22	177.51	82.71	-620.64
187	584	553	243	203	273	223	-28.02	-39.20	-32.13	10292.61	-5921.59	11121.11	182.04	72.92	-669.91
188	584	553	244	203	272	222	-27.83	-39.26	-32.03	10318.58	-5914.51	11142.05	198.58	74.13	-739.11
188	584	553	243	202	273	223	-27.50	-39.33	-31.73	10360.25	-5865.58	11172.95	181.40	87.62	-791.86
188	584	553	244	202	273	222	-27.09	-39.18	-31.46	10382.24	-5816.10	11298.30	131.18	78.74	-849.66
189	585	553	244	202	272	223	-24.88	-38.64	-30.37	10371.33	-5549.90	11571.99	244.03	71.70	-961.63
188	585	553	243	203	271	223	-21.06	-37.92	-28.02	10253.56	-4946.40	11873.99	433.02	-57.93	-923.15
188	586	552	244	203	271	223	-17.21	-37.91	-24.68	10136.08	-4172.48	12196.89	503.72	-378.94	-474.19
188	586	553	244	203	270	224	-14.07	-38.58	-22.31	9995.08	-3631.66	12521.84	629.49	-868.49	251.17
189	586	553	244	203	271	224	-10.49	-39.53	-20.54	9900.52	-3251.28	12758.35	1053.41	-1360.86	1013.66
189	586	554	244	204	271	224	-6.94	-40.42	-19.04	9741.70	-2914.71	12948.23	1534.44	-1866.07	1931.53
189	586	554	244	204	271	224	-5.35	-41.58	-18.91	9535.01	-2819.18	13167.82	1817.97	-2515.87	3086.30
189	586	553	244	204	272	224	-6.09	-43.37	-21.14	9275.26	-3124.02	13315.83	1976.72	-3413.37	4336.94
189	585	553	244	204	272	225	-7.85	-45.61	-25.22	9116.30	-3803.22	13221.04	2340.43	-4356.06	5351.44
190	585	553	244	203	271	227	-9.83	-47.18	-29.82	8979.08	-4622.06	12918.18	2875.46	-5114.95	5974.97
190	585	552	244	204	271	228	-12.60	-48.14	-34.00	8834.53	-5401.55	12468.28	3294.94	-5701.86	6386.87
189	585	552	244	204	271	230	-15.57	-48.79	-37.25	8758.80	-6072.28	11969.06	3657.64	-6106.01	6584.12
189	585	554	244	205	271	231	-19.65	-49.01	-40.17	8630.86	-6671.46	11410.61	3820.46	-6377.81	6670.37
189	585	556	244	205	273	230	-24.31	-48.50	-42.72	8563.12	-7265.29	10786.48	3761.74	-6440.37	6633.95
189	585	558	244	205	272	230	-29.06	-47.19	-45.32	8481.16	-7906.42	10158.15	3639.55	-6340.30	6432.45
190	586	558	244	206	272	230	-34.01	-45.04	-47.75	8384.30	-8529.30	9499.45	3443.77	-6006.94	6047.73
190	585	558	244	206	272	231	-39.07	-42.02	-49.99	8294.69	-9149.24	8854.87	3141.93	-5431.49	5469.24
189	585	558	244	207	272	230	-43.82	-38.11	-52.23	8164.56	-9774.58	8288.13	2778.44	-4622.82	4697.73
190	585	557	244	207	272	229	-48.09	-33.49	-54.29	8025.53	-10367.85	7819.72	2418.22	-3594.18	3669.94
189	585	555	244	206	272	228	-51.95	-28.12	-56.15	7842.45	-10862.85	7486.94	1981.36	-2386.57	2435.00
189	585	555	244	206	272	227	-55.42	-22.60	-57.70	7610.33	-11177.31	7342.59	1383.29	-1120.14	1091.80
189	585	555	244	206	272	225	-58.50	-17.29	-58.91	7368.61	-11332.45	7421.06	558.72	122.02	-257.39
189	585	554	244	206	272	223	-60.60	-12.52	-59.82	7150.58	-11387.02	7694.81	-359.76	1270.32	-1601.82
190	585	554	244	205	272	220	-61.77	-8.20	-60.38	6964.25	-11328.67	8174.07	-1221.57	2314.45	-2970.78
190	585	554	243	205	271	219	-61.30	-4.74	-60.41	6797.64	-11048.24	8780.16	-1919.50	3137.93	-4333.89
190	585	554	244	204	271	219	-59.91	-2.67	-59.66	6698.36	-10540.43	9437.16	-2573.97	3696.38	-5509.80
189	585	554	244	204	271	218	-58.41	-1.57	-58.46	6627.44	-9919.41	10085.70	-3255.27	4019.81	-6396.31
189	585	552	244	204	270	218	-56.00	-1.41	-56.56	6628.07	-9199.83	10704.21	-3756.81	4135.32	-7034.39
190	585	552	244	204	270	218	-53.38	-1.69	-54.60	6611.26	-8498.64	11202.60	-4179.02	4144.86	-7433.47
189	584	552	244	204	271	217	-50.13	-2.28	-52.17	6616.70	-7758.11	11712.87	-4420.12	4060.26	-7656.75
189	584	552	244	205	271	217	-45.67	-2.93	-49.02	6604.87	-6884.40	12185.43	-4408.36	3927.45	-7719.11
190	584	552	244	205	269	216	-40.47	-4.12	-45.22	6591.62	-5971.18	12588.76	-4206.69	3652.88	-7457.11
189	585	553	243	204	269	215	-35.53	-5.83	-41.27	6605.04	-5170.83	12919.32	-3952.01	3273.13	-6807.65
190	585	553	244	205	270	214	-30.96	-7.96	-37.98	6637.39	-4588.28	13208.15	-3561.71	2817.73	-5955.52
190	585	553	244	205	270	215	-26.35	-10.19	-35.60	6658.72	-4194.87	13392.54	-2935.52	2348.64	-5036.99
190	585	553	244	205	270	215	-21.71	-12.54	-33.41	6677.18	-3851.13	13487.12	-2230.85	1869.41	-4005.74
190	585	553	244	205	270	216	-18.50	-15.07	-32.36	6654.12	-3672.97	13518.36	-1649.10	1311.74	-2793.71
190	585	553	244	204	271	218	-17.52	-17.92	-33.10	6688.22	-3809.72	13437.24	-1114.65	734.25	-1567.77
190	585	553	244	204	271	219	-18.55	-20.38	-35.69	6724.41	-4258.04	13261.78	-682.02	164.54	-464.48
189	584	552	244	204	272	220	-20.81	-22.49	-38.78	6851.79	-4904.73	12951.69	-319.02	-302.79	426.29
190	585	552	244	205	271	220	-23.43	-23.77	-41.84	6974.60	-5612.30	12583.71	-8.71	-593.25	978.58
190	585	552	244	205	272	221	-25.44	-24.59	-44.11	7137.07	-6261.48	12186.92	437.07	-728.74	1201.50
190	585	552	244	206	271	222	-27.11	-25.41	-45.13	7306.61	-6671.61	11830.78	867.52	-726.75	1204.27
189	585	553	244	206	272	221	-28.42	-26.43	-45.38	7442.88	-6870.43	11559.44	1074.49	-704.56	1192.16