194	583	551	247	204	271	216	-33.49	-38.22	-36.91	10007.66	-6931.19	10461.45	-176.91	845.41	-867.51
193	583	551	248	204	271	216	-33.57	-38.12	-36.89	10005.08	-6925.23	10465.98	-226.57	855.79	-859.78
194	583	551	247	204	271	216	-33.81	-37.89	-36.99	10000.43	-6948.17	10484.88	-265.84	855.45	-871.39
194	583	551	247	205	271	216	-33.99	-37.63	-37.06	9999.80	-6967.76	10489.24	-284.65	881.28	-903.22
194	584	551	247	204	271	216	-33.89	-37.33	-37.05	10009.81	-6972.37	10526.57	-278.71	919.26	-968.06
194	583	551	247	204	271	216	-33.41	-37.10	-36.70	10036.32	-6898.35	10604.24	-312.18	956.40	-1037.56
194	583	551	247	204	271	217	-32.40	-36.83	-35.92	10078.51	-6726.43	10785.63	-405.02	975.48	-1079.23
194	583	551	247	204	272	216	-30.25	-36.47	-34.29	10160.78	-6366.91	11135.55	-458.12	948.91	-1107.92
195	583	551	247	204	271	217	-26.72	-35.91	-31.45	10237.74	-5722.17	11685.17	-381.21	868.26	-1053.32
195	583	551	247	205	270	216	-22.46	-35.93	-27.62	10274.65	-4868.46	12343.91	-182.55	556.75	-755.86
195	583	552	247	205	269	216	-18.45	-37.06	-23.55	10237.52	-3982.84	13002.32	-18.42	-109.94	-47.81
194	584	553	247	206	269	217	-15.59	-39.37	-20.83	10121.25	-3390.89	13421.80	40.20	-1070.59	1009.23
195	583	553	247	206	270	219	-14.15	-42.36	-20.01	9877.98	-3143.95	13625.71	62.84	-2212.81	2307.46
195	584	554	248	204	271	222	-14.61	-45.25	-21.01	9588.08	-3222.55	13570.83	73.85	-3414.72	3628.64
195	584	551	247	204	270	224	-16.89	-47.77	-23.76	9196.68	-3569.02	13360.88	95.25	-4657.44	4894.16
195	584	551	247	204	270	228	-20.41	-49.26	-27.26	8717.44	-3986.57	12957.44	67.59	-5782.31	6173.55
196	583	557	247	205	269	231	-23.97	-50.38	-33.83	8155.97	-4909.24	12480.17	261.06	-6850.95	7169.92
195	584	560	247	205	269	230	-26.00	-50.07	-41.04	7656.57	-6040.78	11854.16	965.51	-7463.85	7589.43
196	584	563	248	205	268	225	-28.49	-47.80	-47.87	7021.74	-7060.74	11153.45	1580.18	-7623.46	7734.96
197	584	564	248	205	269	219	-33.03	-45.35	-54.52	6417.86	-8201.51	10422.78	1561.47	-7661.99	7776.16
196	585	566	248	206	268	219	-38.19	-42.53	-60.20	5925.56	-9429.83	9637.44	1337.45	-7488.29	7439.70
196	585	566	248	206	268	221	-41.83	-38.51	-64.29	5551.09	-10502.14	8847.37	1470.88	-6898.07	6489.27
196	586	566	248	208	268	224	-44.60	-33.12	-67.36	5136.53	-11177.63	8101.40	1821.63	-5955.57	5142.20
196	585	565	248	208	269	227	-47.78	-27.22	-70.13	4669.91	-11663.55	7499.53	1931.10	-4905.74	3693.94
197	584	564	247	208	270	228	-50.95	-21.55	-72.07	4350.81	-12081.37	7020.55	1885.50	-3764.85	2195.29
196	584	562	247	209	270	229	-53.41	-15.62	-73.65	4063.27	-12379.90	6659.32	1858.92	-2485.41	606.38
196	584	559	247	208	269	227	-55.54	-10.16	-74.74	3823.31	-12453.91	6501.36	1725.13	-1149.14	-994.94
196	584	558	247	208	270	224	-56.56	-5.17	-75.51	3624.14	-12399.41	6665.09	1333.12	113.62	-2518.39
196	584	557	247	207	269	220	-57.99	-1.19	-75.60	3568.73	-12265.44	6837.84	623.36	1275.64	-3881.12
196	584	556	247	207	269	217	-59.42	2.22	-75.41	3572.50	-12102.57	7308.94	-354.40	2362.01	-5113.97
196	583	554	247	206	270	217	-60.93	4.95	-74.87	3634.47	-11874.24	7895.30	-1474.83	3288.56	-6284.37
196	583	553	247	205	269	213	-62.41	7.64	-74.62	3618.55	-11604.33	8712.33	-2674.99	4089.43	-7305.85
196	583	552	247	204	269	211	-63.47	9.63	-74.05	3640.82	-11234.31	9670.31	-3850.39	4728.06	-8301.21
196	583	551	247	205	269	209	-61.57	10.93	-73.23	3634.58	-10620.00	10611.40	-4388.17	5160.80	-9202.05
196	583	553	247	205	269	207	-59.77	10.80	-71.79	3686.25	-9854.80	11345.23	-4993.56	5266.96	-9834.20
196	582	554	247	205	269	204	-58.15	10.68	-70.44	3678.54	-9080.86	12069.57	-5656.89	5320.57	-10201.14
196	582	554	247	206	270	204	-55.02	10.19	-68.32	3753.81	-8267.81	12750.29	-5942.64	5296.54	-10505.48
196	583	554	247	207	269	203	-49.39	9.38	-65.77	3739.92	-7233.42	13404.77	-5649.76	5136.76	-10527.50
196	583	554	247	207	269	202	-42.76	7.94	-62.45	3665.92	-6053.75	13986.33	-5145.02	4764.72	-10041.63
196	583	555	247	207	269	203	-36.66	5.67	-58.66	3585.23	-5005.66	14487.62	-4656.82	4159.14	-9050.90
196	583	555	247	206	269	206	-31.04	2.55	-55.19	3522.57	-4252.98	14813.64	-4071.63	3339.78	-7744.85
196	584	555	247	205	270	209	-25.98	-0.66	-52.51	3487.44	-3778.93	15007.75	-3370.90	2520.84	-6199.31
196	583	556	247	205	270	211	-22.09	-3.70	-52.00	3410.67	-3604.19	15022.37	-2639.20	1673.10	-4539.49
196	584	556	247	204	270	214	-20.12	-7.30	-53.82	3406.33	-3867.18	15038.05	-1829.54	752.79	-2895.97
196	584	556	247	204	270	216	-18.47	-10.62	-56.55	3538.82	-4517.62	15015.95	-738.52	-33.60	-1551.67
196	584	555	247	204	270	219	-17.46	-13.37	-58.58	3747.08	-5254.14	14684.15	484.21	-598.62	-557.54
196	584	552	247	205	269	221	-17.62	-15.72	-60.70	3927.12	-6071.03	14335.94	1418.70	-1126.24	222.49
196	584	552	247	205	271	221	-19.64	-18.08	-62.10	4160.77	-6894.48	13932.54	1897.36	-1616.67	775.67
197	584	554	246	206	270	221	-22.22	-19.96	-62.87	4423.33	-7649.15	13458.52	2189.05	-1931.99	1063.93
196	584	556	247	207	271	222	-24.51	-21.51	-62.77	4709.56	-8169.90	12997.99	2487.84	-2087.34	1072.24
197	584	557	247	207	270	222	-27.00	-22.91	-62.22	4952.88	-8435.80	12533.69	2633.35	-2116.82	975.12
196	584	557	247	207	270	221	-29.38	-24.47	-61.42	5151.84	-8510.61	12119.81	2573.23	-2111.88	890.37
196	584	557	247	208	270	220	-31.55	-26.19	-60.29	5364.05	-8483.08	11776.02	2423.07	-2060.09	834.00
196	584	557	247	207	271	220	-32.76	-27.54	-58.96	5577.84	-8379.53	11507.22	2230.77	-1946.08	783.10