181	582	552	250	204	276	213	-20.82	-40.74	-26.04	10381.55	-4577.39	11255.62	1095.72	-545.23	1305.16
181	582	552	249	204	276	214	-20.31	-41.06	-25.59	10379.07	-4479.12	11210.84	1061.49	-566.42	1410.85
181	582	552	250	204	276	213	-20.40	-41.47	-25.33	10354.12	-4409.36	11125.50	940.76	-579.60	1643.56
181	582	552	249	204	277	213	-21.30	-41.45	-25.93	10333.01	-4528.89	11054.42	926.02	-575.42	1914.98
181	582	551	249	204	277	213	-22.33	-41.11	-27.10	10336.76	-4786.45	10978.70	1058.32	-530.15	2091.98
181	581	551	249	204	277	213	-24.37	-40.65	-28.83	10340.93	-5174.93	10862.17	1064.96	-483.29	2210.78
181	581	552	250	205	277	213	-28.43	-39.66	-31.33	10288.48	-5727.98	10674.46	751.51	-440.72	2231.09
182	581	552	249	205	277	213	-33.41	-38.44	-34.36	10276.45	-6465.18	10405.94	271.83	-382.74	2100.79
181	581	552	249	206	276	214	-39.18	-36.35	-37.81	10232.03	-7347.72	10045.84	-369.76	-154.65	1691.65
182	581	553	249	207	277	212	-44.89	-33.28	-41.47	10112.03	-8310.13	9705.35	-1059.57	286.73	943.27
182	580	554	249	207	277	212	-50.08	-29.28	-45.09	9876.43	-9239.83	9494.08	-1748.09	940.84	-219.30
182	581	555	250	207	277	210	-54.26	-24.61	-48.15	9551.21	-9956.64	9420.58	-2402.24	1751.70	-1742.53
183	581	556	249	207	276	207	-57.12	-19.19	-50.75	9082.25	-10374.20	9594.95	-3061.88	2662.97	-3293.81
182	581	557	249	207	276	205	-57.80	-14.21	-52.34	8597.33	-10374.29	10106.80	-3640.08	3466.07	-4767.52
182	581	555	249	207	276	202	-55.66	-10.30	-52.88	8062.67	-9879.98	10720.26	-3937.13	3988.82	-6167.54
181	581	554	249	206	275	200	-51.54	-7.79	-51.89	7562.33	-8883.98	11412.25	-4102.37	4224.37	-7497.56
182	581	554	249	206	275	199	-47.32	-6.65	-49.73	7184.62	-7752.38	11913.84	-4351.70	4193.31	-8567.53
181	581	555	249	206	275	199	-44.48	-6.23	-47.19	6886.79	-6740.56	12302.54	-4867.57	4026.64	-9116.21
181	582	555	249	206	274	199	-41.24	-5.53	-44.41	6677.85	-5880.93	12689.62	-5146.34	3968.36	-9482.65
180	581	555	249	206	273	199	-34.32	-4.43	-39.38	6527.15	-4751.49	12923.14	-4522.42	3983.24	-9486.66
180	581	555	249	207	273	197	-28.31	-4.12	-32.99	6203.80	-3477.51	13401.38	-4132.15	3800.93	-8908.13
180	581	555	249	207	273	197	-23.73	-4.87	-26.68	5888.81	-2458.24	13875.31	-3911.84	3328.53	-7517.47
180	581	556	249	208	274	198	-19.51	-6.55	-22.37	5583.77	-1827.13	14355.14	-3492.10	2629.21	-5799.10
180	581	556	249	207	275	202	-14.30	-8.48	-19.12	5352.78	-1407.57	14768.99	-2616.30	1887.50	-4044.25
181	581	556	249	207	275	203	-8.00	-10.26	-16.88	5088.54	-1109.59	15144.74	-1306.98	1148.37	-2203.68
181	581	556	250	206	275	205	-2.27	-11.86	-16.45	4766.71	-975.31	15507.30	69.62	403.00	-455.15
181	581	556	250	206	275	205	1.48	-13.49	-19.50	4388.78	-1102.75	15907.93	1276.79	-445.00	1205.96
181	582	556	250	205	276	204	3.59	-15.97	-27.10	4000.74	-1543.61	16204.34	2293.20	-1520.30	2784.01
182	582	555	250	204	277	205	4.73	-19.00	-35.94	3761.90	-2152.03	16342.72	3248.59	-2617.98	4283.16
182	581	554	250	204	277	208	4.69	-21.79	-44.34	3653.41	-2910.43	16203.18	4177.41	-3549.93	5707.35
182	581	553	250	205	277	210	4.45	-23.60	-52.81	3449.93	-3772.11	16100.42	5009.89	-4322.19	7003.83
183	581	555	250	206	276	212	3.08	-25.89	-58.68	3377.64	-4668.30	15840.20	5674.49	-5107.13	8016.99
182	581	556	249	207	277	213	0.15	-27.68	-63.12	3334.96	-5587.68	15437.19	6016.97	-5725.72	8830.54
182	581	558	250	203	277	215	-4.43	-29.40	-66.42	3356.81	-6591.70	14850.93	6055.62	-6273.74	9376.87
183	580	559	250	203	277	215	-10.15	-30.49	-69.26	3393.77	-7744.12	14067.59	5874.49	-6687.35	9593.62
182	580	560	250	203	276	215	-16.33	-31.05	-71.04	3527.68	-8963.11	13080.41	5612.31	-6890.23	9347.99
183	580	560	250	203	277	215	-22.35	-30.02	-72.03	3703.10	-10053.55	12000.59	5390.45	-6643.22	8638.54
183	580	560	250	203	277	215	-27.82	-27.63	-72.83	3790.14	-10856.28	11076.96	5190.78	-6018.41	7562.41
183	580	560	251	203	276	213	-33.23	-24.67	-73.39	3831.03	-11389.46	10355.31	4805.14	-5215.34	6275.24
183	580	560	250	203	277	212	-38.58	-21.77	-73.68	3882.48	-11785.19	9822.34	4209.28	-4383.87	4884.93
183	580	558	250	203	276	211	-44.18	-18.69	-73.72	3938.96	-12008.33	9375.43	3342.22	-3419.18	3489.53
183	580	558	250	203	276	209	-49.99	-15.08	-73.77	3938.21	-12045.31	9064.45	2202.50	-2360.62	2158.16
183	579	557	249	203	277	207	-54.74	-11.40	-73.69	3973.50	-12101.85	9003.63	967.03	-1201.74	837.70
183	580	555	249	203	276	208	-54.83	-7.43	-73.42	3980.42	-11911.55	9480.85	51.48	-92.75	-647.94
183	580	555	249	206	276	210	-50.09	-4.17	-72.16	4007.80	-11082.98	10241.01	20.05	910.54	-2198.19
183	580	554	249	205	274	210	-43.92	-2.73	-69.35	4098.61	-9658.03	10885.16	46.60	1427.96	-3202.43
183	580	555	249	206	274	210	-40.70	-2.37	-65.33	4272.68	-8239.93	11558.70	-588.63	1690.16	-3408.51
183	580	553	249	206	273	207	-39.25	-3.89	-61.46	4545.65	-7411.93	12112.56	-1290.30	1569.85	-3146.43
183	578	554	249	206	274	208	-38.77	-6.01	-58.25	4863.77	-6985.73	12517.74	-1892.03	1381.06	-2813.56
183	576	555	249	207	274	209	-38.62	-8.55	-56.00	5186.18	-6861.05	12625.05	-2144.98	1208.36	-2491.03