185	582	557	248	203	274	216	-21.36	-44.64	-22.74	11218.65	-4230.86	10663.54	1292.48	-789.35	2300.63
185	582	557	249	204	273	216	-21.36	-44.82	-22.77	11218.52	-4234.32	10628.17	1301.56	-792.78	2323.40
185	582	557	248	203	273	216	-21.36	-44.93	-22.84	11206.59	-4247.60	10611.36	1276.48	-790.44	2343.98
184	582	558	248	204	273	216	-21.31	-45.13	-22.89	11215.46	-4262.62	10601.59	1269.46	-801.07	2365.88
185	582	558	248	203	273	216	-21.32	-45.32	-23.03	11222.09	-4296.49	10582.11	1281.19	-815.92	2415.69
184	582	557	248	204	273	216	-22.11	-45.73	-23.40	11224.78	-4380.47	10516.40	1238.78	-868.72	2510.80
185	582	557	249	204	273	216	-24.82	-46.09	-24.50	11262.14	-4646.44	10352.78	1053.54	-938.99	2654.91
185	582	557	248	204	274	216	-29.10	-45.61	-26.79	11357.83	-5234.92	10068.94	777.51	-920.64	2710.57
185	581	557	249	204	274	217	-33.66	-43.93	-30.24	11392.34	-6112.97	9780.10	454.68	-763.51	2471.09
185	581	556	249	205	274	215	-37.81	-40.42	-35.64	11057.93	-7354.33	10197.89	-206.00	-462.08	1757.29
185	580	555	249	206	275	213	-44.14	-36.95	-38.88	11002.23	-8269.41	9771.80	-981.80	103.87	627.87
185	580	555	249	206	275	210	-49.35	-32.64	-41.66	10751.92	-8934.74	9517.21	-1715.16	871.53	-840.42
184	581	555	248	206	275	205	-52.81	-27.53	-43.79	10357.72	-9277.80	9492.55	-2392.55	1779.20	-2436.80
185	581	556	249	206	274	203	-53.85	-22.37	-45.10	9916.44	-9284.71	9769.12	-2972.47	2639.94	-3953.36
184	581	555	249	206	273	202	-52.46	-18.45	-45.24	9475.61	-8886.07	10222.86	-3427.60	3227.05	-5394.09
184	582	555	249	205	273	203	-50.15	-15.41	-44.25	9083.83	-8190.77	10741.92	-3875.22	3612.99	-6762.79
184	582	555	249	205	273	205	-47.59	-13.29	-42.69	8652.84	-7341.63	11337.62	-4306.76	3769.49	-7832.55
184	582	556	249	204	272	204	-44.86	-12.06	-40.51	8295.80	-6468.75	11865.14	-4712.87	3727.22	-8512.27
184	582	556	249	205	272	205	-41.41	-11.39	-37.82	7993.01	-5611.51	12413.89	-4882.88	3576.61	-8858.96
184	582	557	249	205	272	205	-36.39	-10.55	-34.06	7657.16	-4619.74	12844.39	-4708.88	3462.83	-8886.96
184	582	558	249	206	271	205	-31.18	-9.54	-28.56	7345.10	-3484.55	13233.97	-4523.09	3320.64	-8503.66
183	581	558	249	206	272	203	-26.05	-9.64	-22.99	6971.45	-2482.52	13638.67	-4216.63	2942.90	-7464.28
184	581	559	249	206	272	200	-21.26	-10.22	-18.67	6633.67	-1795.80	14005.94	-3738.65	2480.31	-6033.86
183	582	558	250	207	273	202	-16.19	-10.96	-15.95	6296.39	-1371.21	14399.44	-2916.67	1981.99	-4511.92
184	581	558	249	207	273	204	-9.65	-11.79	-12.69	5990.57	-940.65	14834.87	-1662.29	1447.09	-2912.28
184	582	559	249	207	273	206	-2.91	-12.71	-9.15	5692.64	-530.81	15290.13	-257.22	887.44	-1128.31
184	582	558	249	206	274	208	2.48	-13.34	-7.90	5240.81	-348.67	15807.82	1076.69	260.82	566.45
184	582	558	249	205	274	210	6.42	-14.96	-9.90	4746.97	-437.44	16274.23	2305.85	-699.07	2176.48
184	582	558	249	204	274	212	8.23	-17.64	-16.46	4442.62	-881.77	16522.92	3299.81	-1784.12	3706.01
185	582	556	249	203	275	214	8.67	-20.40	-27.29	4181.89	-1652.88	16644.37	4255.92	-2792.66	5159.06
186	581	556	249	204	274	216	8.55	-22.90	-39.21	3976.19	-2638.04	16561.75	5224.12	-3737.68	6539.45
185	581	554	249	205	275	220	7.76	-25.59	-47.45	3896.98	-3547.53	16216.46	6158.27	-4613.00	7742.58
185	581	557	249	205	275	222	5.23	-27.93	-53.57	3916.54	-4520.36	15826.84	6683.56	-5310.65	8689.05
185	581	558	249	207	275	224	1.75	-29.77	-58.26	3965.51	-5537.34	15320.10	6963.83	-5887.26	9286.85
185	581	560	249	203	274	226	-2.36	-31.03	-61.78	4037.63	-6567.07	14682.29	7132.44	-6297.25	9543.11
186	582	560	250	203	275	229	-6.78	-31.70	-63.94	4186.95	-7545.12	13945.38	7262.71	-6488.59	9490.50
186	581	561	250	203	275	230	-12.11	-31.70	-65.83	4300.60	-8505.26	13152.71	7131.33	-6520.36	9160.12
185	582	561	250	203	275	230	-18.51	-31.00	-67.12	4459.97	-9441.40	12243.47	6713.86	-6322.19	8583.72
186	582	562	250	203	275	229	-24.93	-29.24	-68.16	4579.58	-10260.13	11392.50	6199.62	-5836.23	7717.48
186	582	561	249	203	275	229	-30.95	-26.57	-68.85	4674.40	-10886.72	10634.67	5680.09	-5083.07	6590.01
186	582	560	249	203	275	226	-36.89	-23.40	-69.28	4726.48	-11280.39	10045.54	4981.23	-4159.62	5321.56
186	582	559	249	208	274	223	-42.78	-20.03	-69.67	4732.35	-11539.57	9662.66	4037.92	-3165.74	4036.38
186	581	558	249	203	274	222	-48.29	-16.59	-69.92	4740.53	-11723.19	9415.73	2919.63	-2139.50	2715.86
186	581	557	249	203	274	220	-52.20	-13.29	-69.60	4822.91	-11734.43	9380.34	1786.74	-1040.17	1368.42
186	580	556	249	207	274	219	-54.08	-9.65	-69.28	4843.96	-11588.51	9633.53	743.46	73.74	-4.45
185	581	555	249	206	274	217	-54.11	-6.81	-68.64	4861.76	-11243.88	10061.45	-103.92	1007.10	-1373.13
185	581	555	249	205	273	217	-53.02	-4.58	-67.27	4925.28	-10628.69	10559.18	-885.47	1746.84	-2583.17
184	581	555	249	205	273	216	-50.79	-3.04	-65.21	4975.01	-9717.25	11160.22	-1597.85	2265.25	-3522.52
184	581	556	248	205	273	216	-47.11	-2.43	-61.99	5074.66	-8578.79	11822.01	-2031.05	2524.14	-4113.19
184	581	555	248	206	274	217	-42.84	-2.65	-57.71	5194.53	-7358.85	12394.91	-2311.85	2573.58	-4293.98
184	581	556	248	206	272	216	-39.82	-3.72	-53.10	5393.00	-6405.31	12736.16	-2728.01	2451.85	-4065.38
184	580	556	248	206	272	216	-37.95	-5.90	-49.63	5596.55	-5857.04	13059.35	-3077.36	2178.46	-3627.81
185	579	556	249	207	273	216	-36.26	-8.29	-47.36	5841.12	-5647.19	13222.38	-3073.54	1930.34	-3174.02
184	579	556	249	207	274	216	-34.18	-10.30	-45.88	6028.07	-5539.83	13308.27	-2795.11	1738.87	-2886.27
184	580	556	249	206	274	217	-32.30	-12.49	-44.49	6206.66	-5436.44	13268.85	-2485.26	1583.53	-2657.86