197	585	550	249	204	271	218	-30.02	-38.29	-34.07	10018.37	-6217.25	10893.47	-477.02	729.06	-597.21
196	585	550	248	204	270	218	-30.06	-38.20	-34.13	10002.65	-6220.78	10886.20	-451.22	731.70	-596.95
196	585	550	248	204	270	218	-30.14	-38.08	-34.20	9993.52	-6232.35	10881.09	-442.46	720.62	-586.55
196	585	550	248	204	271	218	-30.38	-38.09	-34.26	9995.04	-6248.33	10860.23	-450.58	708.19	-567.27
196	585	550	248	204	271	218	-30.68	-38.01	-34.40	9990.69	-6279.91	10832.62	-445.81	708.78	-557.86
197	585	550	248	204	272	218	-30.86	-37.87	-34.49	9997.16	-6307.72	10808.39	-420.86	735.84	-564.47
197	585	550	249	204	271	218	-30.93	-37.73	-34.56	9990.50	-6319.33	10799.57	-404.12	748.15	-581.09
197	585	550	248	204	271	218	-30.81	-37.69	-34.35	10011.57	-6280.56	10804.79	-432.02	771.64	-576.89
197	584	550	248	204	271	218	-30.59	-37.68	-34.00	10039.19	-6214.93	10852.95	-505.71	769.21	-545.74
197	585	550	248	204	270	219	-29.91	-37.73	-33.25	10113.43	-6078.59	11000.91	-626.23	745.05	-506.01
197	585	550	248	204	270	218	-28.03	-37.60	-31.61	10229.96	-5756.46	11373.06	-688.02	684.15	-456.61
196	585	550	248	204	270	219	-24.67	-37.44	-28.65	10375.86	-5152.24	11945.41	-588.37	529.69	-362.83
197	585	551	248	204	270	219	-20.74	-37.71	-24.68	10487.87	-4332.22	12661.34	-412.75	176.35	-107.68
197	585	552	248	205	268	218	-16.54	-39.14	-20.07	10535.08	-3393.81	13402.47	-151.36	-489.96	494.05
196	585	552	248	206	270	220	-12.94	-41.41	-16.72	10448.72	-2706.72	14023.55	104.76	-1462.32	1437.15
197	586	553	248	206	270	222	-10.06	-44.30	-15.27	10185.29	-2356.79	14362.17	408.82	-2685.05	2671.54
197	586	554	248	205	269	226	-10.24	-47.15	-16.72	9748.02	-2495.15	14459.06	526.88	-4064.65	4058.56
197	585	553	248	204	269	229	-13.10	-49.72	-21.55	9247.22	-3187.99	14150.91	726.33	-5464.21	5293.93
197	586	551	248	204	268	232	-15.84	-50.22	-28.10	8733.86	-4151.79	13552.36	1277.07	-6371.65	6170.49
197	585	555	248	205	269	231	-17.82	-49.10	-35.30	8247.77	-5270.80	12809.14	2118.91	-6748.52	6677.51
197	585	559	248	205	269	225	-19.69	-46.28	-42.87	7631.78	-6439.86	12098.69	2933.57	-6740.69	6863.04
197	586	562	249	206	270	216	-22.60	-43.46	-50.51	6979.79	-7730.87	11457.95	3350.14	-6694.56	6767.29
197	586	563	248	206	270	214	-26.85	-40.64	-56.45	6506.40	-8972.92	10771.45	3450.08	-6536.53	6332.27
197	587	564	249	208	270	215	-31.63	-37.47	-60.63	6118.28	-9947.08	9955.48	3393.13	-6179.86	5541.56
197	587	565	248	209	270	216	-37.04	-33.46	-63.93	5751.97	-10739.32	9079.91	3192.37	-5548.61	4431.28
198	587	565	248	209	270	216	-42.28	-27.92	-66.92	5343.57	-11421.36	8323.71	2883.05	-4575.23	3113.31
197	587	563	247	208	270	217	-46.12	-22.00	-69.61	4928.99	-12028.89	7970.13	2547.00	-3414.07	1500.20
198	587	563	247	208	270	218	-49.71	-15.69	-71.52	4587.14	-12394.64	7616.62	2210.40	-2075.62	-213.21
197	587	563	247	208	270	216	-51.75	-9.77	-73.18	4256.58	-12643.91	7655.79	1681.03	-741.64	-1840.95
198	587	561	247	208	270	212	-54.75	-4.84	-73.93	4053.35	-12578.32	7719.40	764.93	484.20	-3354.45
198	587	561	247	208	269	208	-57.82	-0.81	-74.28	3938.89	-12474.60	8014.83	-478.97	1620.04	-4650.68
197	587	559	247	208	270	205	-60.92	2.67	-74.30	3889.34	-12314.87	8533.09	-1955.37	2638.98	-5891.10
197	587	557	247	207	269	203	-62.77	6.05	-74.09	3857.07	-12024.33	9344.23	-3253.45	3617.54	-7106.69
196	586	555	247	206	268	202	-63.80	8.92	-73.57	3816.42	-11478.31	10180.82	-4566.83	4428.16	-8293.81
197	586	555	247	204	268	203	-62.85	10.41	-73.12	3682.00	-10695.79	11257.18	-5423.99	4811.60	-9313.57
197	586	555	247	205	269	204	-60.42	10.99	-71.57	3658.50	-9639.60	12258.92	-6019.19	4989.42	-9971.64
197	586	555	247	206	269	202	-57.08	11.39	-70.46	3435.17	-8405.22	13077.17	-6431.13	5136.85	-10227.11
197	586	556	247	207	267	198	-54.17	10.85	-68.71	3273.62	-7211.76	14045.31	-6891.22	4952.26	-10198.35
197	585	556	247	207	267	198	-48.08	9.08	-66.12	3139.73	-6005.97	14890.65	-6501.21	4452.49	-9571.63
197	585	557	247	207	267	199	-40.82	6.87	-63.12	2979.55	-4886.67	15535.92	-5696.80	3817.42	-8422.75
197	586	557	248	207	268	199	-34.28	4.30	-60.55	2809.77	-4050.14	15992.72	-4887.96	3038.35	-6952.36
197	585	557	247	206	268	201	-28.45	1.32	-59.57	2665.08	-3635.03	16269.88	-3927.76	2148.18	-5213.29
197	586	556	247	204	269	203	-24.22	-1.66	-61.04	2513.23	-3604.08	16465.39	-2953.92	1225.12	-3455.58
197	586	556	248	204	270	206	-21.70	-5.06	-63.48	2459.17	-3926.68	16375.32	-1935.08	304.72	-1763.55
197	585	557	248	203	270	207	-21.55	-8.42	-67.02	2464.01	-4691.74	16027.35	-997.47	-587.77	-216.17
197	585	558	248	204	271	209	-24.02	-11.72	-69.48	2642.61	-5834.36	15392.99	-421.00	-1395.03	958.74
197	585	558	248	206	271	211	-27.41	-13.88	-70.61	2954.88	-7110.64	14598.94	-55.40	-1875.78	1583.60
197	577	558	248	207	272	212	-30.52	-14.82	-71.02	3281.53	-8233.91	13852.39	347.87	-1958.54	1668.22
197	586	559	248	208	271	213	-32.60	-14.69	-70.83	3548.86	-8914.01	13218.37	783.43	-1728.81	1396.41
197	586	560	248	208	271	213	-34.21	-15.27	-70.01	3789.41	-9164.31	12733.65	1127.06	-1505.57	1070.59
197	586	561	248	208	270	212	-35.46	-16.99	-69.05	3934.34	-9070.29	12466.77	1150.85	-1407.04	880.51