117	570	351	148	111	280	212	-29.31	21.79	-129.51	-5523.14	-6769.33	12334.14	404.26	1545.36	-823.52
117	570	351	148	111	280	211	-29.48	21.81	-129.23	-5520.78	-6835.07	12364.03	391.95	1542.85	-722.34
116	570	352	148	112	280	211	-29.70	21.74	-128.77	-5508.54	-6939.91	12445.63	370.10	1524.70	-627.92
117	570	351	149	112	280	211	-29.77	21.28	-128.11	-5477.51	-7075.92	12644.55	347.59	1462.22	-539.63
118	570	352	148	111	280	210	-29.83	20.25	-126.90	-5400.44	-7302.92	12990.32	332.76	1328.91	-478.15
117	570	352	148	112	279	211	-29.69	18.67	-125.37	-5305.42	-7609.78	13510.40	354.08	1077.56	-512.04
117	569	352	148	112	280	209	-29.53	16.30	-123.45	-5135.55	-7945.09	14064.88	388.57	661.68	-656.19
117	569	351	147	112	279	211	-29.02	13.52	-121.55	-4935.77	-8246.43	14558.44	518.49	141.60	-899.03
117	568	351	148	112	279	210	-27.87	10.79	-120.20	-4772.78	-8437.71	15020.92	767.22	-418.38	-1164.88
118	568	352	148	112	278	210	-26.88	8.02	-119.28	-4702.14	-8646.02	15475.07	992.46	-1059.96	-1424.58
117	568	352	148	112	276	210	-26.51	4.90	-118.52	-4702.23	-8933.32	15827.92	1147.94	-1881.26	-1769.20
117	568	351	147	112	277	208	-26.29	1.63	-117.53	-4659.72	-9244.46	15960.72	1370.99	-2750.95	-2199.14
117	568	351	148	111	277	207	-25.58	-1.22	-116.94	-4628.94	-9430.43	15953.68	1728.69	-3551.85	-2649.59
117	568	351	147	112	275	204	-25.22	-3.96	-116.40	-4549.29	-9500.91	15790.40	2010.55	-4308.56	-3101.21
117	568	350	147	112	273	202	-25.18	-6.23	-115.95	-4438.62	-9473.47	15465.08	2253.18	-4961.63	-3549.20
117	569	350	146	112	273	200	-24.97	-8.03	-115.56	-4290.49	-9333.39	15048.63	2523.12	-5478.25	-3956.49
117	569	349	146	112	271	200	-24.22	-9.48	-115.33	-4120.97	-9075.52	14580.99	2811.06	-5892.99	-4286.06
117	569	349	146	112	270	197	-23.66	-11.77	-114.99	-3887.12	-8721.95	14041.94	2925.21	-6214.34	-4539.61
117	569	348	145	111	269	195	-22.34	-15.79	-114.42	-3591.36	-8311.25	13449.45	2925.55	-6405.17	-4707.68
117	569	348	147	111	269	194	-20.94	-19.31	-113.71	-3289.20	-7913.49	12882.57	2927.57	-6401.31	-4746.70
117	570	348	146	112	269	195	-18.75	-21.05	-112.96	-2991.94	-7512.21	12415.04	2937.44	-6220.50	-4692.21
117	570	348	146	112	268	194	-16.37	-20.99	-112.38	-2718.74	-7077.40	12106.29	2874.37	-5909.92	-4567.35
117	570	349	146	112	268	194	-14.80	-20.54	-111.77	-2455.20	-6646.53	11968.58	2676.90	-5598.88	-4384.93
117	570	349	147	112	268	194	-13.65	-20.09	-110.62	-2152.04	-6271.60	11950.15	2490.91	-5268.23	-4154.94
117	569	349	147	112	267	194	-11.37	-19.13	-109.74	-1869.24	-5803.22	12046.44	2461.86	-4883.67	-3851.39
117	570	349	147	112	267	195	-8.97	-18.10	-109.18	-1605.38	-5239.86	12266.92	2421.82	-4521.14	-3433.77
118	570	349	147	112	267	195	-7.06	-17.25	-108.75	-1382.31	-4720.27	12546.17	2339.03	-4242.38	-2852.58
117	570	350	147	112	267	195	-5.81	-16.39	-108.26	-1217.99	-4365.05	12851.66	2291.03	-4016.36	-2197.50
117	570	350	147	112	268	194	-4.11	-15.95	-107.14	-1036.69	-4108.20	13147.48	2474.02	-3867.54	-1542.48
117	570	350	147	112	269	196	-1.70	-16.07	-104.82	-755.86	-3779.99	13391.31	2768.47	-3743.06	-808.20
117	570	350	147	111	269	195	-0.27	-16.30	-100.78	-413.27	-3585.79	13648.94	2976.85	-3577.86	35.36
117	570	350	147	112	269	197	0.11	-16.45	-96.05	-91.80	-3669.90	13953.49	3216.66	-3450.67	915.19
117	570	350	147	112	270	199	0.28	-16.83	-91.93	191.59	-3887.01	14259.42	3529.42	-3421.58	1692.08
117	570	350	147	112	270	199	-0.19	-17.74	-87.62	519.81	-4112.86	14482.85	3717.90	-3474.06	2385.43
118	570	350	147	111	270	200	-1.78	-18.67	-84.37	808.62	-4481.01	14613.31	3764.61	-3578.20	2986.00
118	569	350	146	111	270	200	-3.74	-19.90	-81.70	1104.19	-4950.96	14615.84	3838.63	-3740.14	3438.05
117	570	351	146	111	271	201	-5.87	-21.26	-79.42	1402.38	-5383.02	14434.85	3965.45	-3881.74	3724.70
118	570	350	146	111	271	200	-8.42	-22.54	-77.34	1687.06	-5693.66	14161.11	3958.22	-3948.05	3875.62
117	570	350	146	111	271	201	-11.53	-23.57	-75.60	1957.71	-5990.78	13817.65	3857.16	-3940.80	3914.59
117	570	350	146	111	271	201	-13.99	-24.33	-74.10	2191.22	-6188.84	13474.97	3810.45	-3847.06	3856.81
117	570	350	146	111	271	200	-15.83	-24.76	-72.81	2379.06	-6279.40	13185.42	3732.98	-3699.25	3769.57
118	570	350	146	112	271	200	-18.01	-25.05	-71.76	2541.51	-6363.43	12901.15	3546.23	-3551.09	3642.59
117	570	351	147	111	271	201	-20.24	-25.30	-70.78	2684.83	-6410.06	12608.89	3296.07	-3382.09	3479.26
118	570	351	147	111	271	200	-22.23	-25.21	-70.12	2771.79	-6405.55	12279.04	3076.37	-3158.88	3299.30
117	570	351	147	111	272	200	-23.90	-24.62	-69.84	2763.00	-6281.68	11892.49	2801.85	-2892.34	3130.58
117	571	351	147	111	272	201	-27.44	-21.89	-70.64	2606.25	-6134.39	11383.87	2440.61	-2585.12	3004.40
117	571	351	148	111	275	200	-35.62	-19.83	-71.01	2505.94	-5976.27	10666.47	2127.63	-2128.16	2906.33
117	572	351	147	111	276	202	-44.88	-15.94	-71.34	2394.24	-5769.46	9857.95	1911.19	-1277.71	2814.96
117	572	351	148	111	277	202	-31.00	-8.72	-72.41	2153.13	-5405.39	9139.45	1747.14	-128.97	2774.62
118	573	351	148	112	279	200	-20.99	0.89	-74.18	1852.87	-5024.52	8611.08	1449.23	1291.83	2903.24
118	573	350	148	111	279	200	-20.76	10.22	-78.39	1392.03	-4817.89	8468.13	1205.37	2865.59	3227.77
118	572	351	149	110	279	198	-20.62	18.06	-85.34	750.83	-4771.80	8768.12	1074.50	4360.66	3620.99
118	572	351	148	112	278	201	-20.34	24.56	-92.69	90.49	-4838.81	9500.51	982.87	5780.97	4005.14
118	571	351	149	112	276	202	-20.67	30.19	-100.43	-667.24	-5102.87	10663.84	778.48	7130.28	4366.38
118	570	351	148	112	276	199	-21.69	33.60	-105.14	-1252.08	-5526.72	11769.00	499.21	7943.86	4619.66