110	578	319	129	104	285	205	-29.28	14.67	-118.02	-4034.76	-7874.35	14210.80	-167.12	2514.74	114.94
110	578	320	129	103	285	205	-29.38	14.66	-117.83	-4033.22	-7938.43	14297.46	-186.87	2457.75	107.89
109	578	319	129	104	284	206	-29.61	14.50	-117.41	-4038.56	-8095.91	14486.99	-196.02	2362.32	73.25
110	577	320	129	103	285	205	-29.58	13.87	-116.66	-4006.43	-8310.31	14819.44	-153.17	2196.80	-39.17
110	577	320	129	104	282	207	-29.44	12.67	-115.73	-3951.11	-8559.80	15247.07	-98.26	1917.16	-254.61
109	576	320	128	104	282	207	-28.95	10.78	-114.53	-3808.55	-8742.61	15687.71	-14.85	1505.50	-533.43
109	576	320	129	104	281	205	-28.54	8.51	-113.12	-3614.33	-8912.48	16122.73	44.34	1020.58	-858.76
110	576	320	128	104	280	205	-27.98	6.01	-111.75	-3435.41	-9111.85	16552.59	174.88	444.65	-1263.72
110	576	320	128	104	279	204	-26.97	3.27	-110.63	-3274.24	-9247.26	16912.16	416.43	-221.18	-1719.18
109	576	319	129	104	278	203	-26.04	0.32	-109.79	-3153.93	-9355.10	17193.35	652.21	-980.22	-2215.07
110	576	320	129	104	278	200	-25.20	-2.70	-108.89	-3034.63	-9505.34	17354.09	945.20	-1780.86	-2746.92
110	576	320	129	104	277	200	-23.85	-5.69	-108.26	-2935.50	-9572.67	17366.78	1377.19	-2591.82	-3292.82
109	576	318	129	104	276	200	-22.54	-8.11	-108.15	-2894.52	-9513.44	17183.84	1793.93	-3342.98	-3792.58
110	576	319	128	104	276	198	-21.75	-9.72	-108.29	-2883.80	-9396.77	16840.05	2136.13	-3977.53	-4216.00
110	576	319	129	104	274	199	-21.47	-10.15	-108.84	-2919.01	-9200.73	16342.65	2433.78	-4494.55	-4578.90
109	577	318	129	104	273	197	-21.14	-9.53	-109.49	-2928.66	-8879.69	15715.11	2677.34	-4905.53	-4852.06
109	577	318	128	104	272	194	-20.06	-7.76	-110.00	-2867.02	-8462.51	15012.76	2789.07	-5150.40	-4993.25
108	578	318	128	104	270	193	-18.30	-6.90	-110.30	-2767.27	-8046.78	14369.72	2817.87	-5214.63	-4997.99
110	578	319	128	104	270	192	-16.68	-7.03	-110.39	-2634.11	-7647.04	13875.63	2777.57	-5138.30	-4911.59
109	578	318	129	104	269	191	-15.00	-7.57	-110.19	-2447.40	-7227.09	13537.65	2646.60	-4993.53	-4769.66
109	577	318	128	105	269	191	-13.76	-8.25	-109.58	-2197.43	-6781.94	13378.17	2401.72	-4810.81	-4557.48
110	578	318	129	104	268	190	-12.72	-8.85	-108.56	-1916.36	-6364.64	13385.26	2174.18	-4612.57	-4276.35
109	577	319	129	105	267	189	-11.23	-9.50	-107.06	-1583.14	-5912.01	13494.60	2042.22	-4409.94	-3936.34
110	577	318	130	104	267	189	-9.41	-10.05	-105.49	-1254.99	-5392.01	13719.27	1963.51	-4214.54	-3544.02
109	577	319	129	105	266	189	-7.61	-10.74	-103.60	-928.84	-4879.41	13988.30	1911.33	-4092.56	-3054.32
109	577	318	129	106	265	189	-5.62	-11.70	-100.87	-593.40	-4492.84	14289.09	2025.92	-4035.44	-2471.95
110	577	319	129	105	266	189	-2.90	-12.84	-97.85	-278.53	-4098.99	14483.43	2340.87	-4032.41	-1808.76
110	577	320	130	105	267	188	-0.30	-14.16	-94.06	43.80	-3751.64	14609.26	2687.03	-4054.94	-1037.42
110	578	319	129	105	267	191	1.27	-15.65	-89.58	363.01	-3610.86	14695.20	3060.58	-4093.60	-202.85
110	577	320	129	105	269	191	2.00	-16.83	-84.99	687.06	-3698.32	14734.84	3505.00	-4073.72	606.45
110	577	321	129	105	269	192	2.13	-17.76	-81.01	1005.91	-3912.20	14724.90	3974.00	-4016.08	1359.97
110	576	320	129	105	269	194	0.96	-18.83	-77.96	1306.21	-4224.39	14667.25	4223.30	-4011.83	1969.17
110	576	321	129	105	269	192	-1.29	-19.94	-75.68	1603.90	-4636.97	14532.69	4300.38	-4041.13	2411.27
110	577	320	129	105	270	193	-3.83	-21.05	-73.89	1893.31	-5065.72	14309.45	4370.71	-4064.13	2691.80
110	576	320	129	105	271	193	-6.18	-22.14	-72.29	2162.64	-5392.04	14003.18	4483.98	-4038.57	2816.41
111	577	321	129	106	271	193	-8.22	-22.97	-71.02	2366.71	-5576.44	13648.82	4587.58	-3938.64	2840.49
111	577	320	129	105	272	194	-10.47	-23.93	-69.99	2488.57	-5583.22	13211.38	4530.75	-3819.71	2800.62
111	577	322	130	105	273	193	-14.39	-25.00	-69.29	2543.74	-5508.25	12653.21	4289.06	-3639.67	2747.79
111	578	321	129	105	273	195	-21.86	-24.84	-69.13	2512.96	-5381.44	11960.55	4021.61	-3358.34	2718.30
111	579	321	130	105	276	194	-32.65	-23.00	-68.90	2449.11	-5148.37	11141.92	3766.63	-2916.62	2727.18
111	579	321	131	104	278	195	-18.45	-18.94	-69.19	2314.45	-4877.75	10307.23	3445.20	-2158.04	2839.67
111	579	322	130	105	280	194	-6.01	-11.77	-70.78	2057.53	-4610.26	9579.47	3040.54	-1141.24	3080.04
111	580	321	131	104	281	195	-18.73	-2.77	-73.91	1699.85	-4401.75	8919.69	2606.86	110.72	3443.04
111	580	321	131	105	281	198	-27.00	8.64	-78.31	1281.46	-4244.86	8426.11	2259.77	1710.84	3971.59
111	580	322	131	105	282	199	-28.09	18.18	-86.08	645.99	-4208.62	8256.40	1986.13	3263.64	4597.76
112	580	322	131	105	281	202	-28.74	25.50	-95.31	-113.71	-4466.99	8590.58	1781.22	4738.81	5185.22
112	579	323	131	106	280	204	-28.49	31.67	-104.26	-997.23	-4903.84	9605.65	1673.26	6140.22	5625.16
112	578	323	131	106	279	203	-28.22	37.02	-110.03	-1726.16	-5314.05	10763.72	1535.30	7448.56	5897.80
112	578	323	131	106	278	206	-28.31	39.80	-113.20	-2218.66	-5618.94	11863.88	1263.03	8203.53	6048.91
112	577	324	131	106	278	205	-28.66	40.07	-114.69	-2514.52	-5861.60	12909.04	911.03	8377.16	6162.01