114	570	340	143	109	283	212	-20.06	18.74	-135.35	-5142.66	-5076.26	14584.56	-684.09	2367.32	-1915.38
114	569	340	143	109	283	212	-20.32	18.59	-134.48	-5094.13	-5194.05	14603.93	-565.94	2331.35	-1795.36
114	569	340	143	110	283	212	-20.87	18.24	-133.17	-5035.82	-5390.15	14706.13	-521.29	2253.34	-1673.39
114	569	340	143	110	283	213	-21.56	17.43	-131.13	-4925.43	-5688.84	14901.63	-480.98	2120.57	-1584.27
114	568	340	143	109	283	213	-22.39	16.04	-128.59	-4776.16	-6070.60	15164.15	-450.28	1887.89	-1556.51
114	568	339	143	110	283	214	-23.23	14.33	-125.56	-4571.95	-6527.27	15424.94	-393.57	1611.30	-1629.18
114	568	340	143	110	282	213	-23.49	12.60	-123.10	-4404.55	-6935.91	15718.29	-242.39	1290.93	-1826.07
114	567	339	143	109	282	213	-23.30	10.62	-121.37	-4253.73	-7190.51	16013.18	-73.67	873.69	-2057.07
114	567	339	143	110	281	212	-23.54	8.38	-119.50	-4039.44	-7395.18	16188.52	-7.83	426.25	-2298.22
114	567	339	143	109	280	212	-23.77	6.90	-117.78	-3904.87	-7710.63	16310.29	181.21	80.09	-2605.36
114	567	338	142	109	278	212	-22.81	5.44	-117.13	-3843.42	-7817.49	16429.58	514.25	-333.17	-2948.14
114	567	338	142	109	277	210	-22.25	3.42	-116.43	-3715.45	-7813.02	16482.90	659.78	-833.16	-3238.33
114	568	336	142	109	276	211	-22.04	1.61	-115.52	-3582.88	-7868.57	16450.55	819.85	-1283.00	-3498.91
114	568	336	142	109	274	211	-21.34	0.13	-115.03	-3492.54	-7861.34	16333.82	1091.50	-1698.25	-3728.07
114	568	336	142	109	273	211	-20.86	-1.21	-114.91	-3420.51	-7747.27	16115.53	1253.38	-2132.74	-3915.32
114	568	336	142	109	272	211	-20.76	-2.35	-114.72	-3331.48	-7624.31	15805.56	1353.01	-2508.75	-4034.50
114	568	335	142	109	272	210	-21.15	-2.78	-114.63	-3275.31	-7539.09	15431.28	1458.26	-2768.41	-4103.77
115	568	335	141	109	271	210	-21.56	-2.67	-114.71	-3242.94	-7435.94	15008.51	1591.05	-2955.29	-4156.89
114	568	336	141	109	270	210	-21.82	-2.64	-114.80	-3175.60	-7259.54	14572.09	1632.19	-3113.48	-4192.14
114	568	335	141	109	270	210	-22.24	-2.60	-114.73	-3078.22	-7074.16	14156.48	1599.58	-3185.55	-4188.53
114	569	335	141	109	270	209	-21.51	-2.65	-114.69	-2952.91	-6813.46	13803.86	1564.10	-3164.03	-4119.86
114	569	335	141	110	268	209	-20.00	-2.61	-114.86	-2824.46	-6480.78	13546.87	1496.10	-3096.77	-3990.16
114	569	335	141	109	268	209	-18.44	-2.76	-115.03	-2668.44	-6094.94	13433.12	1346.99	-3000.94	-3795.16
114	569	335	142	109	268	208	-16.31	-2.75	-115.52	-2526.42	-5656.40	13498.87	1310.99	-2888.49	-3511.75
114	569	335	142	109	269	206	-14.12	-3.03	-115.83	-2345.29	-5201.38	13681.32	1312.34	-2804.16	-3129.41
114	568	335	142	109	269	207	-11.95	-3.35	-115.84	-2150.03	-4794.31	13936.86	1393.03	-2719.46	-2674.84
114	569	335	142	109	269	206	-9.80	-3.57	-116.33	-2005.73	-4392.39	14272.81	1505.73	-2660.83	-2117.95
114	569	335	142	110	269	207	-7.90	-4.30	-116.15	-1836.64	-4085.37	14581.97	1667.19	-2708.84	-1452.00
114	569	335	142	109	269	208	-6.67	-5.17	-114.72	-1643.41	-3959.71	14803.67	1864.58	-2771.50	-721.40
114	569	335	142	109	270	208	-5.74	-6.03	-112.50	-1456.84	-3986.72	15004.89	2152.95	-2841.02	-14.33
114	569	335	142	110	270	210	-5.28	-7.01	-109.71	-1245.80	-4071.78	15148.84	2393.45	-2924.47	671.09
114	569	335	142	109	270	210	-5.62	-8.15	-106.46	-1033.51	-4291.99	15236.40	2594.53	-3036.35	1340.48
114	568	336	142	109	270	211	-6.60	-9.19	-103.21	-839.63	-4662.39	15260.58	2786.55	-3163.73	1910.31
114	568	336	141	110	270	210	-7.52	-10.29	-100.47	-656.45	-5019.67	15221.75	3014.18	-3315.05	2330.74
114	569	337	142	109	270	212	-8.30	-11.54	-97.96	-446.63	-5238.69	15094.26	3206.47	-3435.29	2652.10
114	568	336	141	109	271	210	-9.60	-12.82	-95.58	-232.30	-5443.76	14927.75	3275.99	-3556.03	2932.20
114	568	336	141	109	271	211	-11.11	-14.15	-93.27	-9.28	-5653.37	14698.36	3342.59	-3656.18	3149.34
114	568	336	141	109	271	211	-12.62	-15.40	-91.20	205.18	-5794.90	14417.85	3374.26	-3722.07	3301.97
114	569	337	141	109	271	211	-14.80	-16.47	-89.55	383.92	-5940.75	14072.55	3309.10	-3774.06	3412.07
114	569	336	141	109	273	212	-18.29	-17.25	-88.04	555.13	-6133.52	13595.52	3155.00	-3740.26	3444.62
114	568	337	141	110	273	211	-21.99	-17.27	-87.08	673.77	-6319.04	13023.15	3121.95	-3579.00	3379.04
114	568	337	141	109	274	212	-25.79	-16.16	-87.06	677.08	-6340.69	12415.59	3086.95	-3309.70	3258.34
114	570	337	142	109	275	213	-31.79	-13.83	-87.56	612.83	-6179.85	11731.61	2942.50	-3012.86	3156.87
114	572	338	142	109	276	212	-17.85	-11.63	-87.87	564.59	-5844.86	10920.83	2680.48	-2612.72	3134.78
114	575	338	143	109	279	213	-6.53	-8.33	-88.45	488.36	-5364.02	10053.19	2437.60	-1945.88	3293.59
114	578	337	143	108	281	213	2.77	-2.08	-90.85	256.34	-4869.02	9339.93	2174.97	-989.44	3643.36
114	579	338	143	109	282	214	5.97	6.69	-95.67	-149.68	-4522.37	8889.33	1863.72	68.58	4078.89
114	579	339	143	108	284	213	4.38	13.97	-101.26	-595.39	-4326.05	8762.67	1533.79	1205.70	4634.90
114	578	339	143	108	285	212	1.12	20.88	-108.01	-1230.82	-4474.15	9156.33	1153.80	2454.87	5253.65
114	572	340	143	109	286	211	-1.62	25.53	-112.21	-1866.08	-5053.24	10033.72	946.66	3571.87	5739.22
114	563	341	144	109	287	210	-3.25	28.63	-113.79	-2268.58	-5567.58	11144.83	909.93	4435.88	6073.61
114	565	341	143	109	287	209	-5.50	30.13	-112.92	-2369.75	-6058.40	12225.94	676.18	5055.94	6320.93