95	569	341	137	102	271	203	-23.27	12.54	-120.58	-3325.42	-5856.31	14998.62	-3310.26	2156.06	1182.85
95	568	342	137	102	271	204	-23.36	12.50	-119.67	-3320.55	-6080.70	15422.09	-3177.84	2199.16	1118.66
94	567	343	137	103	270	204	-23.62	11.69	-118.53	-3285.92	-6322.26	16058.79	-3129.10	2012.55	910.08
94	567	343	137	104	270	205	-23.77	9.85	-117.07	-3225.03	-6629.15	16719.85	-3025.85	1564.62	572.52
95	567	344	138	104	270	205	-23.33	7.40	-115.55	-3117.77	-6883.49	17224.85	-2760.00	966.24	182.75
95	568	341	137	104	269	205	-22.76	4.83	-114.12	-2997.29	-7105.32	17570.21	-2429.95	324.38	-240.14
95	568	343	137	105	269	204	-22.27	2.32	-113.08	-2916.02	-7292.05	17812.50	-2115.61	-348.29	-706.63
95	568	342	137	105	267	204	-21.74	-0.16	-112.49	-2886.42	-7442.45	17977.88	-1794.88	-1066.58	-1202.10
95	568	340	137	105	266	203	-20.89	-2.71	-112.07	-2842.10	-7498.73	17965.98	-1408.78	-1803.65	-1696.95
95	568	342	137	105	265	201	-19.70	-4.82	-111.97	-2807.99	-7452.59	17802.68	-971.54	-2459.06	-2147.00
95	568	341	137	105	263	199	-18.25	-6.50	-112.14	-2759.79	-7269.96	17514.95	-578.17	-3026.76	-2521.80
96	569	342	137	105	261	198	-16.97	-7.81	-112.45	-2725.41	-7067.86	17150.60	-207.56	-3530.97	-2827.56
96	569	341	137	105	259	197	-15.67	-8.86	-112.69	-2661.93	-6827.07	16695.07	126.27	-3962.77	-3095.53
96	569	341	137	104	257	196	-14.20	-9.87	-112.69	-2547.04	-6554.11	16209.52	416.66	-4238.69	-3297.11
97	569	340	136	105	256	195	-12.64	-10.47	-112.69	-2428.29	-6270.81	15738.04	673.62	-4398.85	-3406.90
97	569	342	137	105	256	193	-10.87	-11.18	-112.69	-2297.27	-5958.87	15298.94	868.34	-4512.36	-3446.61
97	569	341	137	105	255	193	-9.47	-12.17	-112.25	-2118.41	-5657.72	14890.19	989.08	-4558.04	-3423.53
97	570	341	137	105	255	195	-8.17	-13.03	-111.54	-1915.69	-5362.04	14529.08	1072.57	-4524.39	-3353.30
97	570	341	137	105	255	195	-6.68	-13.34	-110.86	-1710.50	-5029.94	14247.83	1109.29	-4387.32	-3242.63
97	570	342	137	106	254	193	-4.97	-13.03	-110.83	-1552.78	-4621.44	14151.84	1118.88	-4213.50	-3089.15
98	570	341	137	105	254	193	-3.09	-12.87	-110.87	-1382.74	-4164.17	14180.45	1148.89	-4080.68	-2860.64
98	570	341	137	106	254	192	-0.83	-12.78	-111.29	-1199.20	-3598.56	14279.42	1188.59	-3956.04	-2546.96
98	570	342	138	105	253	193	1.17	-12.69	-111.71	-1018.44	-3060.83	14455.05	1238.56	-3839.94	-2138.11
98	570	341	138	106	254	192	3.88	-12.82	-112.14	-821.92	-2503.59	14646.90	1478.38	-3764.14	-1607.16
99	571	341	138	106	253	192	6.31	-13.27	-112.18	-616.82	-1994.01	14828.95	1703.26	-3765.04	-950.10
99	571	342	139	106	255	193	8.29	-14.20	-109.26	-358.18	-1645.31	14967.30	1981.25	-3812.83	-198.90
99	571	342	138	105	253	194	9.65	-15.23	-102.87	-77.07	-1462.84	15047.94	2297.14	-3837.79	639.70
99	571	343	138	106	257	195	10.21	-15.95	-94.03	202.78	-1526.30	15134.54	2698.48	-3801.55	1481.41
100	571	342	138	105	257	194	9.89	-16.62	-86.17	471.84	-1713.19	15240.61	3013.61	-3769.93	2250.74
100	571	343	138	105	257	197	8.27	-17.32	-80.64	739.45	-2124.33	15310.38	3213.93	-3770.18	2894.36
100	571	342	136	106	258	197	6.29	-18.22	-76.96	1023.48	-2641.71	15292.26	3436.98	-3805.17	3381.29
100	571	344	137	105	253	198	3.73	-19.56	-73.73	1337.30	-3104.02	15133.05	3538.48	-3885.71	3671.82
100	571	342	137	105	257	196	0.64	-20.99	-71.09	1655.24	-3525.22	14867.60	3551.81	-3937.48	3792.28
100	571	344	137	105	257	197	-2.15	-22.45	-68.72	1949.08	-3813.96	14513.22	3583.67	-3937.30	3790.57
100	571	342	137	105	259	198	-5.04	-23.95	-66.62	2192.82	-3965.06	14059.16	3550.73	-3862.59	3739.89
101	572	343	138	106	261	198	-8.08	-25.12	-65.13	2354.18	-4025.81	13566.20	3428.25	-3713.81	3669.55
100	571	344	138	105	262	197	-11.64	-25.62	-64.74	2386.27	-4017.52	13018.89	3222.93	-3539.82	3606.17
100	572	342	138	105	261	198	-17.27	-25.73	-64.80	2358.96	-3967.44	12394.14	2931.64	-3338.28	3524.66
100	573	343	139	105	264	198	-27.37	-24.75	-64.92	2266.81	-3796.47	11711.84	2689.01	-3003.51	3466.48
101	574	343	139	105	268	198	-17.70	-21.50	-64.49	2145.27	-3463.25	11024.45	2468.36	-2488.49	3465.25
101	575	343	140	105	271	198	-9.63	-16.79	-64.04	1972.01	-3031.29	10398.42	2149.39	-1775.01	3568.14
102	575	343	140	106	273	198	-3.09	-10.48	-64.25	1783.41	-2672.12	9853.70	1701.92	-903.61	3806.78
102	576	342	140	106	276	198	-3.68	-1.74	-68.51	1457.84	-2520.92	9504.82	1258.62	223.12	4200.84
102	576	343	141	106	278	197	-6.36	5.32	-77.02	1019.34	-2639.07	9477.18	932.69	1469.31	4632.60
103	576	343	141	106	280	199	-8.36	11.40	-84.83	628.58	-2913.12	9772.52	744.96	2798.50	5055.72
103	575	343	141	107	282	201	-9.35	16.69	-91.98	208.15	-3273.26	10444.49	739.56	4067.52	5457.74
103	574	344	141	107	278	204	-10.34	20.86	-96.65	-132.86	-3653.20	11417.67	637.98	5167.30	5830.15
103	574	345	141	107	285	207	-11.48	23.70	-97.26	-233.62	-4112.74	12485.13	504.98	6031.98	6103.79
103	573	345	142	107	285	207	-12.55	25.34	-96.45	-219.14	-4550.50	13499.22	371.18	6636.58	6286.70
102	573	344	142	107	286	208	-13.75	25.60	-95.49	-175.38	-4954.18	14462.61	186.72	6888.35	6301.97