106	572	329	137	109	278	205	-31.64	19.66	-124.04	-5342.57	-8069.26	13428.54	-216.37	2476.79	924.19
106	570	329	136	109	278	204	-31.64	19.57	-123.77	-5332.65	-8137.60	13505.11	-181.35	2422.10	904.18
106	571	330	137	109	278	205	-31.38	19.41	-123.62	-5329.41	-8181.72	13613.45	-135.14	2325.59	877.87
106	571	330	137	109	279	204	-31.24	18.96	-123.46	-5323.34	-8225.63	13737.78	-124.43	2164.11	846.58
105	571	329	136	109	278	205	-31.41	18.25	-122.96	-5282.18	-8328.95	13842.09	-130.01	1969.86	792.55
106	571	330	136	109	279	205	-31.40	17.38	-122.24	-5220.67	-8470.91	13976.99	-75.86	1773.66	698.57
105	571	329	136	109	278	205	-31.09	16.40	-121.34	-5145.83	-8663.76	14208.34	55.19	1566.88	548.59
106	570	330	135	109	278	204	-30.28	15.32	-120.31	-5089.74	-8941.97	14624.92	290.88	1340.74	321.71
106	570	329	136	109	277	205	-29.10	13.59	-119.33	-5029.25	-9211.87	15201.07	576.33	960.00	-20.27
107	569	329	135	110	276	203	-27.92	10.97	-118.14	-4890.59	-9433.48	15774.22	837.37	374.05	-459.76
106	569	329	136	109	276	202	-26.54	7.84	-116.93	-4712.26	-9598.61	16325.31	1128.80	-337.45	-947.02
106	569	327	136	109	275	200	-25.06	4.29	-116.09	-4573.25	-9686.87	16733.65	1441.31	-1204.53	-1470.97
106	569	329	136	109	275	198	-23.68	0.67	-115.48	-4452.59	-9706.33	16901.16	1764.79	-2127.85	-2003.92
106	569	329	136	109	276	196	-22.63	-2.52	-115.16	-4355.56	-9647.41	16823.30	2062.35	-3022.96	-2522.78
106	570	328	135	109	275	193	-22.02	-4.81	-115.12	-4310.38	-9570.24	16507.14	2409.74	-3793.01	-3014.59
107	570	328	136	109	274	193	-21.56	-5.62	-115.50	-4289.26	-9359.73	15967.58	2790.70	-4398.66	-3447.56
106	570	327	136	109	273	192	-22.18	-5.20	-115.92	-4253.80	-9102.75	15328.20	3067.96	-4800.53	-3786.23
106	570	327	136	109	272	191	-22.81	-4.34	-116.32	-4209.51	-8850.81	14715.19	3332.82	-5039.70	-4050.97
106	570	328	136	109	271	191	-20.85	-3.82	-116.75	-4103.23	-8466.47	14174.23	3548.92	-5221.87	-4213.17
106	570	327	135	109	270	188	-18.71	-4.83	-116.80	-3892.47	-8029.74	13715.72	3518.53	-5279.72	-4265.06
106	570	327	136	109	270	189	-17.59	-5.86	-116.43	-3641.45	-7660.26	13359.73	3384.40	-5204.04	-4245.76
106	570	327	135	109	270	190	-15.70	-6.77	-116.01	-3357.97	-7229.44	13107.15	3268.63	-5041.04	-4169.87
106	570	327	135	109	269	189	-13.45	-7.34	-115.63	-3057.68	-6732.77	12961.59	3129.40	-4811.63	-4003.63
106	570	328	135	109	268	190	-11.65	-7.64	-115.18	-2750.39	-6225.33	12943.31	2904.38	-4549.85	-3728.75
106	570	327	136	110	268	189	-10.72	-7.71	-114.68	-2473.67	-5773.87	13050.94	2599.26	-4294.71	-3394.01
106	570	326	136	109	267	190	-9.05	-7.65	-114.29	-2218.79	-5320.77	13308.20	2467.50	-4079.82	-3007.06
106	570	327	136	110	266	190	-6.94	-7.78	-114.69	-2002.65	-4745.53	13635.58	2419.17	-3942.08	-2474.15
106	570	327	136	109	266	190	-5.41	-8.28	-114.74	-1789.12	-4272.06	13987.41	2335.36	-3915.28	-1826.70
107	570	327	136	109	268	189	-4.05	-9.08	-114.47	-1605.26	-3925.85	14313.63	2345.80	-3978.41	-1102.66
107	571	328	136	109	267	190	-2.02	-10.18	-113.48	-1390.40	-3633.16	14554.55	2577.21	-4094.29	-305.18
106	570	328	136	110	268	191	-0.29	-11.46	-111.70	-1150.48	-3395.10	14699.03	2809.95	-4206.83	553.88
107	570	328	136	109	268	191	0.45	-12.78	-108.31	-885.15	-3346.75	14786.87	3020.35	-4302.84	1427.39
107	570	328	136	109	269	192	0.35	-13.99	-103.63	-601.30	-3520.81	14821.13	3301.63	-4358.70	2266.77
107	570	327	135	109	269	194	-0.48	-15.03	-98.66	-307.23	-3870.77	14803.67	3603.85	-4376.81	3009.53
108	570	328	135	109	269	193	-1.96	-16.09	-94.14	-2.87	-4288.83	14750.89	3809.86	-4392.57	3592.30
107	570	328	135	109	269	195	-4.17	-17.26	-90.33	305.07	-4732.59	14639.94	3873.41	-4449.34	3989.39
107	570	328	135	108	269	194	-6.36	-18.68	-86.65	654.02	-5141.56	14463.35	3938.79	-4500.72	4224.67
107	570	328	135	109	269	195	-8.34	-20.08	-83.46	993.32	-5416.48	14217.18	4000.85	-4486.79	4375.78
107	570	328	134	109	269	194	-10.48	-21.13	-80.76	1307.65	-5652.26	13971.72	3964.71	-4401.35	4434.29
107	570	327	135	109	269	196	-12.33	-22.05	-78.74	1558.07	-5812.85	13709.54	3922.47	-4311.53	4387.98
108	570	329	135	109	270	195	-14.48	-23.15	-76.84	1779.57	-5850.80	13366.86	3764.00	-4193.25	4286.08
108	570	328	136	109	270	194	-17.28	-23.64	-75.68	1920.99	-5881.26	12943.12	3550.90	-3997.84	4161.48
108	571	328	136	110	270	196	-19.60	-23.61	-75.05	1966.34	-5778.20	12466.56	3333.36	-3691.00	4031.50
108	571	329	136	109	271	195	-22.34	-22.54	-75.05	1916.22	-5594.69	11912.43	3099.69	-3292.40	3946.78
107	572	329	136	108	273	195	-31.31	-18.37	-75.60	1797.01	-5365.36	11266.01	2779.15	-2748.08	3920.49
108	572	328	136	109	274	196	-41.67	-13.69	-76.39	1654.96	-5118.69	10523.11	2519.25	-2003.38	3946.66
108	573	329	137	109	276	198	-28.87	-8.79	-76.22	1557.01	-4652.55	9680.15	2293.33	-889.16	4114.68
108	573	328	137	109	276	199	-17.45	1.19	-78.63	1269.56	-4319.52	9079.75	2082.27	657.70	4506.85
108	573	328	137	109	276	199	-17.21	10.87	-83.70	827.28	-4136.95	8862.96	1916.95	2263.17	5005.05
108	573	328	137	109	276	199	-17.91	18.51	-91.13	243.12	-4216.70	9122.81	1725.06	3788.36	5497.20
108	572	329	137	109	275	202	-18.78	24.97	-99.29	-477.64	-4620.87	9905.67	1561.35	5237.29	5885.64
108	571	328	137	109	273	205	-19.41	30.16	-105.44	-1163.35	-5086.42	11048.74	1395.64	6491.83	6108.21
108	570	329	137	108	274	205	-20.30	33.11	-108.87	-1686.59	-5574.10	12134.65	1179.80	7217.38	6180.50
108	570	329	137	109	274	205	-21.00	34.18	-110.23	-1980.66	-5944.60	13166.27	957.91	7539.01	6115.27