111	571	336	136	107	276	205	-28.71	16.00	-120.48	-4041.37	-7099.44	13568.59	-620.16	3231.89	1188.01
111	571	336	135	108	276	205	-28.87	16.02	-119.95	-4024.10	-7230.87	13657.16	-562.45	3215.00	1202.10
111	571	336	136	107	276	205	-28.75	16.03	-119.56	-4008.89	-7321.93	13825.90	-514.83	3152.20	1201.40
111	570	336	135	107	276	206	-28.89	15.45	-118.70	-3958.45	-7503.83	14093.00	-508.19	3002.09	1172.88
111	570	337	135	108	275	205	-28.97	14.33	-117.44	-3848.53	-7719.24	14421.75	-488.48	2761.98	1093.44
111	569	336	135	107	275	206	-29.15	12.86	-115.64	-3702.30	-8073.28	14851.67	-439.35	2465.19	926.46
111	569	336	135	108	275	206	-28.63	11.03	-113.77	-3543.58	-8470.81	15361.88	-222.19	2076.28	595.59
111	569	336	135	108	274	206	-27.41	8.66	-112.23	-3358.60	-8699.27	15938.99	67.02	1547.76	141.36
111	569	336	135	108	274	204	-26.31	5.91	-110.97	-3189.87	-8856.31	16474.04	307.07	877.62	-344.96
111	568	336	135	107	273	202	-25.30	2.82	-109.87	-3042.38	-9003.49	16878.94	557.27	83.79	-879.81
111	568	336	136	108	273	202	-23.97	-0.20	-109.14	-2939.26	-9094.92	17107.79	922.60	-754.60	-1422.47
111	568	336	136	108	273	199	-22.45	-3.08	-108.87	-2878.50	-9063.37	17164.80	1297.62	-1583.02	-1941.25
111	568	336	135	108	272	196	-21.17	-5.49	-108.95	-2851.17	-8943.00	17050.56	1603.94	-2364.07	-2392.93
112	569	335	135	108	270	196	-20.57	-7.30	-109.18	-2845.61	-8802.25	16739.43	1835.80	-3084.51	-2789.59
111	569	334	135	108	269	192	-20.48	-8.55	-109.43	-2827.73	-8627.14	16263.86	2057.16	-3681.44	-3131.86
112	570	334	135	108	268	192	-20.33	-9.22	-109.63	-2766.75	-8356.78	15674.87	2244.25	-4140.22	-3405.56
112	570	335	134	108	267	192	-21.19	-9.64	-109.74	-2684.21	-8074.94	15056.12	2335.79	-4469.90	-3555.19
111	570	334	134	108	266	191	-22.50	-10.61	-109.28	-2537.20	-7875.00	14482.52	2380.65	-4633.96	-3641.63
111	570	334	134	108	265	191	-22.49	-11.34	-108.64	-2364.34	-7662.05	14036.99	2418.81	-4645.26	-3716.80
111	570	335	134	107	264	190	-21.21	-12.57	-107.81	-2127.32	-7324.74	13705.34	2350.42	-4623.35	-3776.21
112	570	334	134	107	264	189	-19.44	-14.00	-106.52	-1819.16	-6925.91	13447.67	2226.10	-4532.73	-3787.84
111	569	334	135	107	264	189	-16.81	-14.85	-105.06	-1485.60	-6423.81	13268.29	2123.50	-4347.74	-3696.15
111	570	334	135	107	263	189	-14.26	-14.92	-103.98	-1217.92	-5894.82	13253.47	2027.72	-4092.66	-3485.44
112	570	334	135	108	262	189	-11.50	-14.51	-103.17	-988.62	-5314.48	13377.20	2003.09	-3855.12	-3174.17
112	570	334	135	108	262	189	-9.06	-14.29	-102.51	-783.19	-4695.56	13564.34	1920.23	-3686.82	-2692.06
112	570	335	135	108	262	190	-7.41	-14.19	-101.17	-572.63	-4251.78	13790.12	1852.47	-3548.63	-2085.21
112	570	335	135	108	263	188	-5.38	-14.35	-99.62	-383.80	-3890.39	14049.82	1991.75	-3485.59	-1394.85
113	570	335	135	108	263	191	-3.42	-14.83	-97.35	-173.81	-3591.47	14283.33	2196.46	-3489.07	-641.51
113	570	336	136	107	264	192	-1.94	-15.74	-93.88	83.88	-3361.30	14466.76	2372.04	-3545.66	130.92
113	570	335	136	108	264	193	-0.81	-16.49	-90.56	300.89	-3192.23	14687.02	2529.98	-3628.23	985.77
113	570	336	136	108	265	193	-0.63	-17.71	-86.91	526.04	-3222.02	14811.07	2691.63	-3810.07	1929.53
114	570	336	135	108	266	194	-2.21	-19.26	-83.26	802.14	-3627.92	14770.32	2923.05	-3991.56	2827.96
113	569	336	135	108	266	195	-3.83	-20.24	-80.43	1105.63	-4241.32	14640.60	3299.80	-4067.04	3481.21
113	569	336	134	108	267	194	-5.17	-21.18	-78.19	1394.95	-4740.86	14526.57	3628.16	-4122.23	3868.90
113	569	336	134	108	267	196	-6.95	-22.33	-75.85	1705.80	-5103.81	14354.04	3764.60	-4155.67	4088.25
114	569	336	135	107	267	195	-8.68	-23.27	-73.80	2005.71	-5422.42	14218.34	3821.12	-4147.04	4233.24
114	569	336	135	108	268	194	-10.00	-24.21	-72.03	2282.63	-5673.90	14029.02	3964.57	-4124.24	4307.13
113	569	336	135	107	268	196	-11.76	-25.41	-70.13	2558.30	-5821.81	13742.57	3987.54	-4076.87	4273.02
113	569	336	135	108	268	196	-14.17	-26.30	-68.74	2779.58	-5951.51	13405.44	3887.31	-3975.73	4162.32
113	569	337	135	108	268	195	-16.86	-26.61	-67.91	2928.60	-6057.14	13016.97	3737.60	-3784.69	3992.85
113	569	336	135	108	268	196	-19.51	-26.31	-67.64	2981.17	-6103.68	12568.52	3642.42	-3523.01	3788.26
113	570	337	135	108	269	196	-22.80	-25.65	-67.56	2957.11	-6018.10	12037.50	3473.19	-3173.96	3587.95
113	570	337	136	108	270	197	-28.43	-23.47	-68.03	2832.06	-5858.79	11430.22	3107.08	-2722.11	3430.80
113	571	337	135	108	271	196	-37.29	-18.23	-69.07	2626.46	-5661.45	10781.31	2461.38	-2138.06	3325.76
113	571	336	136	107	271	198	-43.41	-12.67	-70.99	2377.33	-5595.18	10187.04	1971.56	-1402.85	3289.17
114	572	337	136	107	274	196	-51.98	-5.39	-72.12	2163.27	-5336.62	9593.09	1965.63	-457.36	3371.61
113	572	337	136	107	275	197	-40.42	2.32	-73.40	1901.70	-4925.19	9042.04	1805.65	749.71	3575.38
114	572	336	137	108	276	196	-39.45	9.94	-75.89	1611.02	-4748.53	8835.33	1502.67	2171.97	3905.81
114	572	337	137	108	276	195	-37.86	16.40	-79.84	1254.07	-4803.30	9163.77	1478.94	3701.72	4317.37
114	571	338	137	108	276	194	-35.14	22.29	-85.08	787.96	-4932.74	10066.58	1712.24	5154.99	4712.90
113	570	338	138	108	275	194	-33.33	26.80	-90.07	327.16	-5049.30	11201.60	1720.83	6309.34	5061.21
114	569	338	136	109	275	195	-34.01	29.41	-93.90	-57.19	-5395.64	12279.87	1224.44	7027.47	5298.95
114	569	339	136	108	276	196	-34.55	30.67	-95.59	-294.93	-6076.65	13304.23	916.16	7470.80	5314.15
114	569	338	137	108	276	199	-33.36	30.87	-96.83	-474.99	-6407.62	14277.36	936.21	7636.71	5165.09