118	570	374	156	116	274	208	-29.55	7.45	-105.53	-1987.58	-8013.91	14133.61	-393.38	1893.56	618.35
119	569	373	155	116	274	210	-29.32	7.36	-105.09	-1934.80	-8074.21	14319.73	-339.61	1912.68	589.93
118	569	374	155	116	274	210	-28.81	7.10	-104.35	-1848.86	-8196.10	14635.54	-229.68	1877.00	534.33
118	569	374	155	116	273	209	-28.35	6.51	-103.44	-1758.42	-8419.89	15100.56	-115.75	1769.40	415.96
118	568	374	155	116	272	211	-28.08	5.34	-102.66	-1700.10	-8716.70	15703.34	-44.01	1476.03	192.22
118	568	373	155	116	271	211	-27.42	3.52	-101.83	-1622.89	-9000.66	16312.17	125.44	995.33	-128.89
118	568	374	154	117	272	211	-26.59	1.31	-101.24	-1552.75	-9155.63	16836.76	293.72	395.91	-481.55
118	568	374	154	116	271	210	-26.19	-1.08	-100.81	-1503.91	-9282.45	17249.72	358.38	-281.54	-852.77
118	568	373	154	117	269	210	-25.90	-3.57	-100.48	-1468.72	-9403.93	17550.64	429.11	-998.21	-1258.58
118	568	373	154	118	269	209	-25.48	-6.08	-100.46	-1477.88	-9473.53	17668.31	569.51	-1770.10	-1703.65
118	568	373	154	117	268	209	-25.15	-8.53	-100.40	-1464.19	-9460.65	17613.09	695.58	-2517.69	-2140.32
118	568	373	154	117	268	208	-25.10	-10.77	-100.17	-1411.58	-9391.42	17415.03	772.10	-3177.56	-2518.46
119	568	373	153	116	267	207	-24.98	-12.56	-100.08	-1381.80	-9311.65	17121.88	930.55	-3751.03	-2869.13
118	568	373	153	118	266	208	-24.47	-13.90	-100.12	-1359.91	-9146.07	16672.99	1234.67	-4260.28	-3179.43
118	568	373	153	117	265	208	-22.67	-14.68	-100.30	-1326.51	-8793.16	16056.14	1665.89	-4654.67	-3379.00
118	568	373	153	117	265	207	-17.21	-14.91	-100.59	-1278.19	-8282.70	15331.93	1826.09	-4926.98	-3457.05
118	569	373	153	118	265	207	-7.95	-16.01	-100.66	-1197.28	-7791.77	14527.53	1713.49	-5033.68	-3432.35
118	571	372	153	117	265	207	-17.67	-18.97	-100.14	-1056.01	-7432.98	13721.56	1537.91	-4933.80	-3278.28
118	571	373	153	117	264	205	-25.75	-20.95	-99.37	-899.81	-7136.13	12971.88	1421.57	-4670.76	-3013.17
118	572	373	153	116	264	206	-30.34	-21.65	-98.04	-697.22	-6955.32	12344.49	1180.09	-4266.07	-2688.26
118	571	373	152	116	264	208	-33.58	-20.42	-96.30	-485.16	-7076.56	11934.26	926.19	-3772.97	-2376.70
118	570	373	152	116	263	208	-35.74	-19.21	-94.20	-230.70	-7332.13	11668.75	828.93	-3297.22	-2140.81
118	570	373	152	117	263	208	-37.98	-18.20	-91.83	78.83	-7663.32	11497.71	646.63	-2837.01	-1946.32
118	569	373	152	116	263	209	-41.42	-17.22	-89.08	472.09	-8249.36	11372.42	196.00	-2394.36	-1926.71
118	567	373	152	117	264	209	-44.26	-15.69	-86.91	840.69	-9056.49	11340.20	-131.45	-1876.74	-2188.97
118	567	373	152	116	263	210	-45.52	-14.15	-85.31	1152.45	-9650.87	11399.99	-185.63	-1353.00	-2643.52
118	567	374	152	117	263	209	-46.53	-12.57	-84.04	1423.83	-10103.52	11504.59	-283.35	-831.65	-3281.10
118	567	373	152	117	263	209	-46.80	-10.63	-83.55	1549.84	-10419.15	11737.16	-373.13	-329.22	-4053.24
118	568	374	153	116	262	208	-46.18	-8.72	-83.43	1586.55	-10538.39	12072.10	-414.92	105.44	-4902.38
118	568	373	153	117	261	208	-44.37	-6.83	-83.76	1505.02	-10385.07	12533.50	-411.98	446.57	-5727.41
119	568	373	153	117	261	206	-42.28	-5.49	-83.97	1428.97	-10026.22	12912.22	-494.93	656.04	-6475.09
118	569	372	153	117	261	207	-39.77	-4.32	-84.13	1345.12	-9491.11	13282.81	-629.43	824.79	-7138.34
118	569	372	154	117	260	205	-36.71	-3.55	-84.24	1255.86	-8794.55	13613.27	-780.96	887.20	-7601.42
118	569	372	153	117	259	206	-33.62	-3.17	-84.17	1189.67	-8042.22	13858.01	-958.96	870.39	-7876.95
119	569	371	153	118	259	206	-30.22	-3.02	-84.09	1123.79	-7297.91	14045.91	-1036.81	800.27	-7962.15
118	569	371	154	118	260	206	-26.61	-3.00	-84.03	1052.80	-6536.81	14151.21	-1078.42	683.56	-7873.19
118	569	372	153	118	260	205	-23.59	-3.10	-84.13	973.96	-5884.37	14118.65	-1194.80	519.13	-7637.33
119	569	372	154	118	262	206	-21.34	-3.09	-84.60	879.86	-5430.95	13895.72	-1319.66	339.32	-7289.97
118	570	372	154	118	263	207	-20.02	-2.48	-85.36	780.07	-5160.41	13487.13	-1296.48	216.46	-6888.32
118	571	373	154	117	265	207	-17.32	0.15	-86.53	650.46	-4869.59	12950.38	-1172.71	205.58	-6483.35
119	571	373	154	117	267	208	-10.51	3.35	-87.79	521.54	-4513.11	12312.66	-1212.42	299.90	-6022.53
118	571	373	155	117	269	209	-23.05	5.55	-88.55	450.46	-4281.65	11607.42	-1437.45	514.31	-5488.51
118	572	373	155	116	271	208	-29.96	8.12	-89.81	349.34	-4357.17	10897.05	-1511.48	1037.59	-4896.33
118	572	374	155	116	273	207	-33.14	11.56	-91.01	248.47	-4495.51	10400.60	-1305.45	1832.41	-4379.97
118	572	375	155	117	273	207	-33.69	15.46	-92.50	118.45	-4604.14	10263.17	-1238.08	2772.14	-3930.12
118	571	374	155	117	273	208	-33.88	18.87	-93.47	17.13	-4878.13	10597.81	-1284.33	3746.09	-3452.01
118	571	374	155	116	274	208	-33.94	21.49	-94.07	-57.13	-5148.02	11225.32	-1420.21	4582.58	-2981.51
118	570	374	156	116	274	207	-34.73	23.44	-94.21	-96.67	-5500.42	12008.86	-1738.20	5263.60	-2563.58
117	570	375	155	118	274	207	-35.58	24.38	-93.47	-45.64	-5911.40	12870.81	-2064.14	5749.07	-2254.31
119	570	375	155	117	275	206	-35.36	24.95	-92.73	18.84	-6270.83	13787.07	-2159.08	6128.32	-2079.54
118	570	375	155	118	274	206	-34.39	24.94	-92.45	48.50	-6350.89	14725.52	-2212.53	6318.30	-1980.71
118	570	375	155	118	275	205	-33.35	23.97	-92.35	58.08	-6359.74	15627.44	-2264.60	6233.24	-1917.58
117	570	375	155	118	274	206	-31.53	22.49	-93.04	-13.23	-6190.76	16363.47	-2182.17	5927.88	-1864.25
118	569	375	155	118	275	205	-29.15	20.65	-95.04	-209.57	-5807.22	16843.10	-2088.11	5394.18	-1762.04
118	569	375	155	118	276	206	-26.21	18.45	-97.53	-404.29	-5241.66	17033.34	-2032.06	4717.72	-1525.18
118	570	374	155	118	276	206	-23.45	16.67	-100.85	-626.27	-4668.97	17023.27	-2061.35	4054.69	-1063.93
118	570	375	156	118	276	206	-21.36	15.62	-106.00	-977.56	-4235.93	16980.91	-2098.09	3424.70	-428.18
118	570	375	155	118	276	205	-19.49	14.76	-112.30	-1397.28	-3886.53	16921.66	-2077.83	2736.32	284.93
118	571	375	156	117	276	205	-17.77	13.96	-119.19	-1835.02	-3548.40	16815.58	-2080.69	2023.65	1107.58
118	572	374	156	117	275	206	-16.53	13.08	-125.79	-2273.67	-3282.98	16679.60	-2109.41	1263.77	2093.05
118	571	375	156	117	277	206	-16.06	12.21	-130.71	-2688.58	-3178.03	16564.62	-2099.59	535.28	3193.60
118	571	375	155	117	277	205	-16.63	11.50	-133.63	-3099.15	-3267.73	16389.59	-2057.91	-164.28	4358.32
118	572	375	155	116	278	206	-18.59	10.33	-133.27	-3381.00	-3611.54	16086.51	-1952.76	-822.27	5480.61
118	572	376	156	117	279	207	-21.68	9.04	-130.13	-3510.35	-4226.97	15676.59	-1836.37	-1276.76	6486.93
118	570	376	156	116	280	206	-25.04	8.09	-125.02	-3540.63	-5194.22	15269.16	-1687.55	-1475.02	7279.33
118	567	377	155	116	280	208	-27.98	7.43	-119.60	-3482.40	-6382.31	14920.70	-1474.63	-1510.32	7656.31
118	567	377	155	116	280	209	-29.70	6.97	-115.51	-3376.48	-7438.99	14698.46	-1109.60	-1470.35	7634.05
118	568	377	155	116	279	209	-30.25	6.38	-113.07	-3223.85	-8014.44	14583.74	-694.62	-1439.73	7378.44
119	568	376	155	115	279	210	-30.70	5.46	-111.66	-3072.26	-8240.92	14472.75	-489.73	-1491.40	7126.77
119	568	377	155	116	280	209	-31.81	4.58	-110.31	-2905.85	-8415.07	14364.52	-521.95	-1538.98	6866.73