120	571	379	156	115	272	210	-24.68	2.86	-97.80	-610.75	-6553.67	14137.82	-173.94	864.58	-11.72
120	571	379	156	115	272	210	-24.47	3.01	-97.92	-616.21	-6492.39	14133.33	-198.04	876.05	25.27
120	571	379	156	115	272	210	-24.35	3.25	-98.19	-640.80	-6427.97	14113.86	-228.44	874.00	98.05
120	571	379	156	116	272	210	-24.44	3.48	-98.36	-656.96	-6401.17	14079.37	-263.06	889.85	193.95
121	571	379	155	116	272	210	-24.51	3.89	-98.64	-688.51	-6387.71	14094.80	-306.06	944.41	302.30
120	571	379	155	115	271	210	-25.21	4.14	-98.63	-697.09	-6448.32	14179.26	-447.11	979.69	401.54
120	570	379	155	115	271	210	-25.94	4.07	-97.79	-635.63	-6745.71	14407.50	-486.25	1022.10	463.16
121	570	379	155	114	271	210	-25.52	3.89	-96.54	-520.45	-7114.22	14910.52	-265.64	1067.45	424.85
120	569	379	154	114	270	211	-25.01	3.09	-95.24	-386.03	-7513.91	15687.60	-85.11	951.83	297.71
120	568	379	153	114	268	212	-25.10	1.34	-94.10	-261.13	-7962.01	16541.57	-73.80	531.04	71.83
121	568	378	154	114	269	212	-25.42	-1.42	-92.72	-84.67	-8440.31	17250.49	-77.71	-148.72	-330.67
121	568	377	154	115	268	211	-24.89	-4.48	-91.64	73.76	-8733.90	17730.16	114.17	-908.38	-846.08
120	569	376	154	115	269	210	-24.04	-7.50	-90.74	215.47	-8801.60	17981.66	329.56	-1668.26	-1385.53
120	569	375	154	116	268	209	-23.26	-10.12	-90.30	287.10	-8780.12	18090.97	499.89	-2382.95	-1928.85
120	569	375	154	115	267	208	-22.28	-12.50	-90.22	300.75	-8659.52	18041.42	686.44	-3078.40	-2436.51
120	569	374	154	116	266	207	-21.08	-14.78	-90.19	304.31	-8486.34	17785.75	960.17	-3746.68	-2866.93
120	570	374	154	116	266	207	-19.13	-16.99	-89.91	347.49	-8141.22	17289.27	1254.61	-4295.60	-3175.49
120	570	374	154	116	265	206	-16.35	-19.32	-89.47	408.92	-7721.56	16617.40	1487.78	-4668.62	-3334.01
120	570	374	154	116	264	205	-11.61	-20.58	-89.43	409.47	-7279.08	15858.33	1662.39	-4892.44	-3393.46
120	570	375	154	116	265	205	-10.65	-21.43	-89.43	406.40	-6922.73	15119.21	1810.22	-4974.06	-3335.44
120	570	375	154	116	264	205	-12.28	-21.21	-89.51	394.68	-6661.39	14462.85	1912.71	-4908.71	-3221.57
120	570	375	153	116	263	206	-13.54	-21.14	-89.18	431.74	-6479.72	13933.11	1953.98	-4766.73	-3075.69
120	570	375	153	116	263	206	-15.23	-21.56	-88.16	549.96	-6366.14	13476.66	1921.03	-4593.74	-2937.10
120	570	376	153	116	264	205	-16.87	-22.25	-86.25	770.06	-6321.03	13107.62	1889.53	-4367.35	-2807.30
120	570	376	153	116	262	207	-17.92	-22.88	-83.88	1040.56	-6254.98	12818.04	1849.10	-4080.13	-2628.73
120	569	376	153	116	263	207	-20.53	-23.50	-81.02	1390.13	-6351.63	12580.34	1576.44	-3816.93	-2431.70
120	568	376	152	115	263	208	-24.08	-23.71	-78.25	1806.42	-6742.05	12389.72	1257.32	-3556.23	-2343.71
120	568	376	152	116	264	208	-27.21	-23.75	-75.77	2236.90	-7167.95	12214.04	1029.51	-3262.57	-2449.23
120	567	377	152	116	264	209	-29.81	-23.74	-73.65	2624.86	-7476.55	12104.73	773.88	-2955.24	-2667.16
120	567	377	153	116	263	211	-32.35	-23.68	-71.69	2992.41	-7700.72	12041.10	391.64	-2642.38	-2994.66
120	567	377	153	116	263	211	-34.43	-23.51	-69.91	3334.39	-7868.28	12007.04	28.45	-2312.56	-3381.42
120	567	376	153	116	262	210	-35.55	-22.99	-68.44	3610.07	-7958.47	12022.89	-229.12	-1949.63	-3802.10
120	567	377	153	117	261	212	-35.70	-22.22	-67.10	3804.57	-7883.55	12098.75	-427.81	-1579.70	-4170.00
120	567	376	154	116	261	211	-36.22	-21.27	-66.34	3903.14	-7814.97	12194.81	-748.32	-1295.22	-4534.20
120	567	377	154	116	261	209	-37.44	-20.36	-65.82	3998.98	-7829.42	12268.47	-1135.26	-1015.40	-4912.74
120	567	377	154	116	261	208	-37.97	-19.16	-65.52	4053.83	-7835.95	12377.04	-1385.29	-703.78	-5324.70
120	568	377	154	117	261	209	-37.34	-17.50	-65.45	4024.94	-7743.15	12549.99	-1484.58	-368.80	-5722.67
120	568	377	154	117	259	209	-35.71	-15.73	-65.18	3929.30	-7441.59	12835.89	-1580.30	-96.66	-6090.93
120	568	377	154	117	259	208	-34.55	-14.64	-64.72	3843.43	-7097.52	13081.70	-1826.28	39.38	-6412.04
120	568	377	154	117	260	207	-33.23	-13.49	-64.34	3753.06	-6783.64	13307.41	-1981.72	196.96	-6722.93
120	568	377	154	117	259	207	-30.26	-12.13	-63.48	3634.41	-6281.66	13571.24	-1906.73	377.06	-6982.74
119	568	377	154	116	260	207	-27.11	-11.34	-61.56	3560.49	-5624.77	13810.48	-1911.15	472.11	-7076.10
120	568	377	154	117	260	206	-25.02	-11.11	-59.41	3569.26	-5140.14	13978.95	-2008.44	524.75	-7015.75
119	568	377	154	117	260	207	-23.23	-10.88	-57.91	3578.20	-4840.73	14112.41	-1954.12	588.86	-6867.91
120	568	376	154	117	260	206	-21.07	-10.67	-56.62	3548.09	-4545.29	14189.19	-1797.91	608.52	-6694.21
120	568	377	154	117	260	207	-19.10	-10.48	-55.49	3468.28	-4225.63	14180.93	-1712.47	578.00	-6487.05
120	568	377	155	117	260	207	-17.38	-10.17	-54.92	3319.47	-3917.75	14038.48	-1704.59	479.45	-6211.10
120	568	377	155	117	262	209	-16.12	-9.94	-54.74	3155.10	-3658.26	13708.96	-1783.61	339.97	-5851.09
120	569	377	155	117	264	209	-16.87	-9.18	-55.63	2979.94	-3534.55	13198.11	-1837.08	255.92	-5438.64
120	570	377	155	117	265	209	-22.08	-7.32	-56.60	2814.94	-3428.02	12552.00	-1803.73	332.18	-5016.56
120	570	377	155	117	268	207	-30.08	-4.98	-58.34	2629.40	-3389.62	11804.00	-1789.44	559.32	-4614.13
119	572	378	155	117	270	206	-36.44	-2.98	-59.66	2501.33	-3369.54	11115.60	-1623.22	1007.05	-4299.47
120	572	378	156	117	272	203	-33.49	1.62	-60.72	2326.06	-3219.46	10721.82	-1329.16	1788.25	-3965.15
120	572	378	156	116	272	203	-30.81	5.75	-63.03	2054.56	-3048.09	10732.73	-1196.95	2559.29	-3530.59
120	572	379	156	116	273	203	-29.88	8.05	-64.03	1971.03	-3028.08	11000.09	-1280.35	3199.12	-3008.46
120	571	379	155	117	275	204	-29.94	10.28	-64.39	2009.28	-3161.08	11497.69	-1513.49	3927.02	-2427.84
119	571	380	156	117	275	205	-30.09	12.36	-66.09	1996.21	-3417.82	12303.20	-1725.76	4565.52	-1838.80
120	571	379	156	116	275	203	-30.33	13.61	-67.31	2026.00	-3714.13	13220.04	-1951.32	4991.79	-1349.01
120	571	380	156	117	276	202	-30.06	14.28	-67.78	2071.10	-3918.23	14163.04	-2099.81	5277.55	-940.91
119	571	379	156	117	275	203	-29.58	14.31	-67.75	2118.95	-4027.51	15093.24	-2238.02	5391.87	-588.11
120	570	379	156	117	276	203	-28.72	13.67	-67.58	2163.20	-4100.14	15946.18	-2281.92	5325.38	-309.41
120	571	379	156	117	275	203	-27.13	12.68	-67.93	2119.04	-4070.73	16751.27	-2167.67	5098.36	-58.08
120	571	379	156	117	275	204	-25.24	11.22	-69.54	1934.29	-3956.19	17423.70	-1997.64	4634.54	180.52
120	571	378	156	117	274	204	-23.31	9.49	-71.88	1667.37	-3743.99	17840.92	-1865.60	3999.07	419.34
120	571	379	156	117	275	204	-21.23	7.90	-75.13	1357.01	-3520.79	18036.87	-1699.87	3315.11	700.28
120	572	378	156	117	275	203	-18.18	6.73	-79.37	987.76	-3145.75	18053.63	-1420.63	2634.21	1067.26
121	572	378	156	117	275	203	-14.76	5.74	-84.91	601.57	-2665.26	17933.15	-1197.95	1939.45	1623.65
119	572	378	156	117	275	203	-11.62	4.97	-92.28	234.09	-2156.00	17675.89	-1143.55	1266.02	2385.22
120	572	378	156	117	275	202	-9.17	4.66	-101.49	-96.82	-1779.00	17323.89	-1148.62	654.57	3339.11
120	572	378	156	117	275	201	-7.89	5.01	-110.61	-401.17	-1620.25	16903.70	-1065.19	136.89	4423.30
120	572	378	156	117	276	203	-9.15	5.71	-116.10	-715.32	-1806.43	16497.51	-905.83	-218.95	5563.04
120	572	378	156	117	276	205	-11.82	5.81	-116.57	-1012.35	-2356.31	16162.84	-732.34	-492.05	6633.08
121	571	380	156	117	278	207	-15.35	5.33	-112.20	-1183.53	-3382.50	15942.09	-673.27	-670.80	7473.48
120	570	381	156	116	277	208	-18.12	4.49	-107.08	-1179.36	-4589.57	15808.79	-474.26	-792.41	7913.91
120	568	381	156	116	277	208	-20.72	3.35	-102.91	-1019.79	-5568.09	15642.95	-307.20	-901.84	8017.41
120	568	381	155	116	277	209	-23.36	1.93	-99.80	-810.00	-6282.69	15464.00	-274.54	-1036.95	7884.09