115	571	383	155	116	271	209	-28.74	8.08	-106.88	-1991.35	-7329.54	13535.28	-405.49	1327.47	697.50
115	572	383	155	116	271	209	-28.65	8.32	-106.94	-2006.38	-7345.26	13553.71	-333.87	1354.35	728.63
115	571	383	154	116	271	208	-28.39	8.74	-107.21	-2044.46	-7343.60	13626.23	-295.77	1379.73	770.60
115	571	383	154	115	271	210	-29.10	8.71	-106.99	-2045.44	-7453.42	13748.92	-423.18	1355.04	804.12
115	571	383	154	116	271	210	-29.90	8.49	-106.11	-2014.17	-7794.75	13957.67	-453.52	1332.74	780.46
115	571	383	154	115	270	209	-29.60	8.16	-105.06	-1955.46	-8167.01	14286.79	-238.45	1302.05	644.09
115	571	383	154	116	269	211	-28.98	7.44	-104.36	-1907.09	-8418.86	14749.05	-61.68	1158.25	406.98
115	570	383	154	116	269	211	-28.80	6.07	-103.46	-1814.13	-8637.32	15243.00	-34.59	862.94	101.68
116	570	383	154	116	269	210	-28.43	4.30	-102.50	-1711.83	-8889.65	15730.84	56.34	458.59	-262.40
115	570	383	154	116	269	210	-27.00	2.17	-101.65	-1617.03	-9128.17	16117.50	488.42	-68.99	-668.33
115	571	382	154	116	269	210	-24.68	-0.18	-101.07	-1512.98	-9097.16	16385.23	1007.50	-655.54	-1069.06
116	571	382	154	116	269	209	-23.76	-2.55	-100.69	-1438.53	-9045.10	16573.17	1147.17	-1258.21	-1438.91
116	571	382	154	116	270	209	-23.75	-4.83	-100.42	-1404.81	-9110.65	16658.71	1200.47	-1877.90	-1827.67
115	571	382	154	116	269	208	-23.60	-6.90	-100.33	-1398.77	-9165.72	16582.37	1361.74	-2489.36	-2239.88
115	571	381	155	116	269	207	-23.09	-8.77	-100.20	-1357.63	-9061.03	16332.25	1565.31	-3034.54	-2638.89
115	571	381	154	116	269	205	-22.91	-10.50	-100.01	-1286.15	-8843.18	15978.84	1617.39	-3495.66	-2986.69
115	571	381	154	116	269	205	-23.07	-12.09	-99.65	-1188.04	-8618.02	15559.50	1618.07	-3848.08	-3283.66
115	571	381	154	116	268	204	-21.38	-13.59	-99.24	-1065.04	-8266.12	15099.12	1815.22	-4070.62	-3465.53
115	571	381	153	116	268	205	-16.33	-15.00	-98.88	-919.39	-7678.01	14584.57	1994.06	-4168.79	-3473.45
115	571	380	153	116	266	205	-12.36	-16.42	-98.34	-756.42	-7099.91	14077.54	1890.75	-4191.05	-3332.58
115	571	380	154	116	266	203	-11.03	-17.48	-97.48	-594.40	-6723.51	13631.06	1830.57	-4091.05	-3046.85
115	571	381	153	116	265	205	-10.89	-17.99	-96.54	-445.28	-6449.74	13248.91	1802.44	-3938.40	-2694.61
115	571	381	152	116	265	205	-12.30	-18.45	-95.08	-260.41	-6334.45	12938.86	1699.57	-3795.53	-2312.43
115	571	381	153	116	265	206	-15.56	-18.97	-92.71	12.81	-6453.13	12648.32	1480.34	-3639.05	-1948.25
115	570	381	153	116	265	207	-19.17	-18.71	-90.36	288.77	-6866.87	12388.30	1325.97	-3396.05	-1627.69
115	569	382	152	116	265	207	-22.65	-18.19	-88.15	585.93	-7428.33	12158.69	1226.57	-3102.70	-1481.16
114	568	381	152	116	264	209	-26.14	-17.50	-86.30	875.63	-8046.91	11989.55	1043.59	-2797.01	-1598.90
116	568	381	153	116	264	209	-29.68	-16.94	-84.53	1189.45	-8594.97	11812.68	782.11	-2487.01	-1941.70
115	567	382	153	116	264	209	-32.44	-16.22	-83.03	1476.58	-9018.02	11695.84	576.06	-2122.16	-2439.92
116	568	381	152	116	263	208	-33.78	-15.31	-81.89	1681.15	-9123.12	11723.05	370.76	-1725.65	-2989.52
115	568	380	152	115	263	209	-35.10	-14.60	-80.86	1856.09	-9133.96	11771.90	53.22	-1391.57	-3500.50
115	568	380	152	115	262	208	-36.42	-13.89	-79.96	2023.29	-9206.46	11785.10	-187.04	-1058.99	-4049.67
114	568	380	152	116	261	206	-36.56	-12.70	-79.06	2163.92	-9128.34	11855.25	-350.79	-635.79	-4635.74
115	568	379	152	115	260	207	-35.86	-11.18	-78.43	2219.93	-8877.32	12069.29	-563.20	-222.50	-5220.60
115	568	380	152	116	260	205	-34.86	-9.67	-77.97	2214.13	-8492.06	12337.82	-862.99	118.87	-5760.02
115	568	380	152	116	260	205	-33.89	-8.27	-77.59	2191.22	-8105.65	12615.13	-1176.09	418.63	-6166.82
115	568	380	152	116	260	206	-33.00	-6.99	-77.39	2162.86	-7840.97	12888.37	-1351.69	684.65	-6473.68
115	568	380	153	116	260	206	-31.09	-5.64	-77.32	2092.12	-7481.12	13191.95	-1356.75	925.27	-6735.94
115	567	380	152	115	259	205	-28.67	-4.58	-77.17	1996.91	-6964.27	13506.16	-1379.22	1071.95	-6919.45
114	568	380	152	116	259	205	-26.36	-4.13	-76.35	1972.87	-6411.45	13778.85	-1462.00	1140.75	-6975.67
114	568	380	152	116	260	206	-23.86	-3.94	-75.18	1976.82	-5874.48	13973.51	-1474.45	1180.92	-6892.89
114	569	380	152	115	259	206	-21.54	-3.57	-74.36	1945.38	-5424.56	14115.83	-1425.38	1232.67	-6695.45
114	569	380	153	116	260	206	-19.54	-3.23	-74.15	1860.11	-5040.13	14165.04	-1379.41	1207.79	-6439.62
114	569	381	153	116	261	207	-18.68	-2.80	-74.75	1739.71	-4822.32	14025.99	-1378.94	1146.65	-6144.54
115	569	381	153	116	263	208	-18.52	-2.01	-75.88	1593.72	-4672.61	13704.69	-1348.94	1101.27	-5836.72
113	570	382	154	116	264	208	-19.54	-0.20	-77.56	1417.44	-4578.37	13240.05	-1297.25	1111.35	-5535.03
113	570	382	154	116	266	208	-22.88	2.04	-79.30	1254.77	-4536.66	12638.65	-1114.29	1248.13	-5239.93
113	570	383	154	116	269	207	-26.67	5.04	-81.10	1089.23	-4491.42	11995.12	-792.12	1552.43	-4976.53
112	571	383	154	116	271	204	-30.17	9.37	-82.98	918.17	-4410.85	11402.36	-548.76	2011.21	-4744.75
112	571	383	154	116	273	204	-31.26	12.41	-84.17	817.06	-4398.31	11013.64	-484.43	2669.45	-4466.12
112	571	383	155	116	274	203	-31.10	15.36	-85.17	739.40	-4458.99	11029.36	-518.26	3532.47	-4130.41
112	570	384	155	116	274	202	-30.70	18.03	-86.01	674.83	-4539.04	11469.49	-653.74	4351.70	-3713.14
112	570	384	155	115	273	202	-30.69	20.10	-86.62	631.89	-4692.89	12212.62	-898.41	5046.91	-3329.88
112	569	384	154	116	275	201	-30.68	21.31	-86.56	641.50	-4785.65	13132.99	-1213.69	5548.17	-3010.64
112	570	385	155	116	275	201	-30.42	21.88	-86.66	632.22	-4780.37	14045.34	-1504.65	5864.06	-2671.61
112	570	384	155	116	275	202	-29.88	21.77	-86.60	634.21	-4712.55	14904.27	-1753.57	5975.66	-2360.53
112	569	384	155	116	275	201	-28.96	21.08	-87.23	569.50	-4535.72	15673.06	-1948.44	5880.67	-2008.60
113	569	384	155	116	274	202	-27.80	20.20	-89.40	383.23	-4383.13	16325.00	-2039.82	5632.94	-1623.12
113	569	385	155	117	274	202	-26.03	18.84	-92.50	139.26	-4113.98	16799.75	-2038.43	5185.19	-1196.31
113	570	384	155	117	274	202	-24.11	17.26	-96.48	-135.90	-3790.48	17114.37	-2019.11	4610.98	-673.45
113	570	384	155	116	275	202	-22.18	15.81	-102.03	-470.50	-3436.35	17303.05	-2024.65	3969.58	-38.68
113	571	385	155	116	274	203	-20.24	14.52	-109.40	-876.38	-3101.34	17380.09	-2007.12	3262.15	703.36
113	571	384	155	116	275	202	-18.04	13.32	-118.16	-1299.36	-2716.47	17321.49	-1975.56	2503.05	1571.34
114	571	384	154	116	275	202	-16.27	12.40	-127.15	-1731.99	-2391.45	17137.61	-2043.58	1730.89	2587.72
114	571	384	155	116	275	202	-15.49	11.97	-134.64	-2163.39	-2195.67	16875.13	-2168.85	993.20	3698.84
114	571	385	155	115	275	202	-15.95	11.73	-138.73	-2573.22	-2217.49	16599.38	-2230.66	321.24	4861.79
114	571	385	155	114	276	203	-17.52	11.33	-139.80	-2956.56	-2446.82	16329.21	-2234.83	-274.52	6044.30
114	571	385	155	116	276	204	-20.61	10.33	-136.84	-3248.93	-3025.07	16023.34	-2264.94	-802.45	7171.34
114	571	385	155	116	277	206	-24.62	8.98	-130.66	-3399.29	-4013.22	15659.78	-2321.89	-1193.02	8089.12
114	570	386	155	116	277	207	-28.31	7.71	-123.48	-3392.52	-5300.36	15274.99	-2255.35	-1418.22	8618.22
114	568	386	155	116	277	206	-30.86	6.69	-118.25	-3298.50	-6424.94	14943.04	-2005.18	-1529.51	8728.61
114	568	387	155	115	278	209	-33.00	5.73	-114.60	-3137.57	-7245.89	14667.49	-1791.77	-1587.24	8554.47
114	569	386	155	114	277	209	-34.48	4.93	-112.20	-2970.29	-7763.40	14435.11	-1583.58	-1597.07	8193.95
114	569	386	155	115	277	209	-35.41	4.31	-110.78	-2814.98	-7962.43	14215.36	-1471.35	-1582.67	7758.50
114	569	386	155	114	277	209	-35.96	3.77	-109.71	-2659.83	-8017.51	14023.99	-1442.08	-1546.84	7331.03
114	569	385	155	114	277	208	-36.41	3.51	-109.07	-2550.44	-8008.03	13864.59	-1492.73	-1505.99	6899.78