120	570	378	155	115	274	212	-28.09	7.68	-105.09	-1787.38	-7529.29	14067.88	155.25	2114.24	1432.46
120	571	378	156	116	274	214	-28.19	7.87	-105.24	-1816.01	-7557.02	14085.29	132.79	2087.98	1433.39
120	570	378	156	116	274	213	-28.43	8.11	-105.32	-1836.21	-7588.17	14111.42	82.35	2052.38	1428.82
120	570	378	156	115	274	213	-28.58	8.27	-105.25	-1837.20	-7627.96	14170.05	44.73	2023.06	1436.48
120	570	377	155	115	273	214	-28.68	8.17	-104.94	-1807.54	-7686.56	14302.35	-2.91	1982.61	1429.90
119	570	378	155	115	273	214	-29.00	7.72	-103.96	-1717.37	-7914.44	14581.83	-38.06	1926.58	1395.66
120	569	378	154	115	273	214	-28.67	7.06	-102.73	-1596.50	-8207.31	15014.34	66.09	1836.05	1251.27
120	569	378	155	116	271	215	-28.04	6.05	-101.58	-1469.67	-8463.35	15598.42	196.94	1629.74	1043.31
120	568	378	155	115	270	215	-27.64	4.32	-100.62	-1366.39	-8729.38	16257.30	248.84	1222.71	770.60
120	567	378	154	115	270	215	-27.41	2.02	-99.62	-1261.07	-9067.71	16906.83	305.00	633.32	427.87
120	567	377	154	115	269	215	-27.08	-0.59	-98.98	-1200.22	-9363.13	17443.69	404.70	-97.19	1.52
119	568	377	154	116	270	215	-26.77	-3.34	-98.54	-1152.20	-9553.97	17786.51	505.41	-897.98	-473.85
120	568	377	154	116	269	214	-26.74	-6.01	-98.56	-1172.39	-9671.67	17913.78	557.34	-1717.79	-980.36
120	568	377	154	116	269	212	-26.85	-8.32	-98.80	-1226.37	-9732.09	17849.49	624.08	-2500.65	-1472.79
119	568	376	154	116	268	212	-26.68	-10.07	-99.26	-1310.26	-9750.48	17571.82	867.17	-3197.86	-1946.95
119	569	375	154	117	268	212	-25.63	-11.09	-99.79	-1373.94	-9557.16	17062.03	1317.61	-3794.92	-2341.11
119	569	375	154	116	267	211	-24.29	-11.42	-100.21	-1378.25	-9169.50	16378.12	1602.13	-4264.52	-2645.50
119	569	374	153	116	266	211	-19.88	-12.12	-100.49	-1333.93	-8668.62	15625.02	1628.08	-4587.65	-2887.28
119	570	374	153	116	266	210	-14.59	-16.92	-100.30	-1218.64	-8200.79	14866.97	1580.02	-4768.22	-2977.56
119	571	373	153	116	265	210	-18.04	-20.31	-99.94	-1098.31	-7831.55	14136.42	1687.32	-4771.45	-2897.13
119	572	374	153	116	266	211	-20.97	-20.79	-99.51	-989.19	-7563.98	13486.60	1703.36	-4635.38	-2770.03
119	571	374	153	116	266	210	-23.78	-20.09	-98.78	-872.73	-7467.18	12972.27	1628.39	-4385.66	-2635.92
119	571	375	153	116	266	210	-25.94	-19.64	-97.30	-668.69	-7484.42	12576.45	1589.67	-4064.63	-2494.93
119	570	375	152	116	265	211	-27.93	-19.61	-94.97	-352.46	-7549.40	12288.63	1473.68	-3716.50	-2351.58
119	569	375	152	116	265	212	-30.52	-19.52	-91.80	76.96	-7859.53	12147.00	1236.60	-3379.92	-2248.45
119	568	375	152	116	265	212	-33.33	-19.22	-88.54	555.72	-8355.15	12089.25	936.67	-3037.83	-2284.33
119	567	375	152	116	265	212	-35.77	-18.72	-86.04	978.33	-8968.79	12134.19	693.49	-2729.29	-2524.36
119	566	375	152	116	264	212	-38.36	-18.56	-83.75	1414.01	-9526.95	12111.48	417.31	-2481.12	-2967.10
120	566	375	152	116	265	211	-40.96	-18.15	-81.96	1799.51	-10040.01	12079.70	109.50	-2189.57	-3609.44
119	566	376	152	116	264	212	-42.91	-17.33	-80.83	2059.14	-10352.41	12082.92	-185.58	-1847.94	-4387.67
119	566	376	152	116	264	212	-44.05	-16.32	-80.07	2223.98	-10454.79	12142.37	-473.85	-1506.89	-5195.08
119	567	376	153	116	264	212	-44.52	-15.06	-79.50	2322.18	-10394.65	12237.85	-778.01	-1145.90	-6013.48
119	567	375	153	116	262	211	-43.49	-13.23	-79.40	2294.67	-10137.51	12439.56	-978.71	-780.65	-6757.51
119	567	375	153	116	262	210	-41.53	-11.60	-79.26	2235.94	-9690.64	12660.18	-1142.42	-482.12	-7328.23
119	567	375	153	116	262	208	-39.29	-10.12	-79.11	2165.34	-9184.31	12896.97	-1301.45	-222.21	-7777.87
119	567	375	153	116	261	207	-36.55	-8.54	-79.02	2064.47	-8582.49	13138.92	-1407.63	30.30	-8106.83
119	567	375	154	117	259	207	-33.47	-7.15	-79.23	1906.05	-7934.37	13392.38	-1456.05	186.88	-8294.73
119	567	374	154	117	259	206	-30.48	-6.56	-79.08	1803.35	-7282.25	13577.16	-1530.69	201.99	-8366.25
119	568	374	154	117	260	207	-27.54	-6.33	-78.64	1736.78	-6648.54	13667.30	-1614.96	165.29	-8309.49
119	568	375	154	117	261	207	-24.53	-6.26	-78.14	1677.74	-6063.31	13601.33	-1662.66	108.68	-8123.96
118	568	374	154	117	262	209	-21.79	-6.02	-77.92	1607.45	-5618.14	13356.47	-1645.63	81.54	-7802.91
118	568	374	154	117	264	208	-18.71	-4.97	-78.20	1494.88	-5218.24	12939.64	-1625.40	126.36	-7439.97
118	569	375	154	117	264	210	-16.01	-1.73	-79.17	1333.74	-4889.12	12410.66	-1738.33	250.15	-7029.72
118	569	376	154	117	266	208	-22.73	4.44	-80.70	1153.45	-4669.47	11783.93	-1894.86	467.94	-6590.08
118	571	375	155	117	268	209	-29.34	7.53	-82.65	973.58	-4623.39	11123.73	-1965.02	789.39	-6121.58
117	572	375	155	117	270	206	-33.80	10.09	-84.02	860.10	-4684.02	10544.55	-1837.37	1362.52	-5712.15
118	571	376	155	116	272	205	-33.29	13.95	-85.82	696.29	-4620.82	10318.52	-1688.60	2169.35	-5370.44
117	571	376	155	117	272	204	-32.59	16.53	-86.29	645.08	-4472.38	10506.99	-1918.92	2999.13	-5004.12
118	571	376	155	117	273	204	-32.99	18.34	-86.06	671.63	-4562.96	11090.44	-2250.87	3710.62	-4565.56
117	571	377	155	117	273	203	-32.83	19.08	-83.26	925.04	-4674.41	11851.92	-2446.38	4301.14	-4092.09
118	570	377	156	117	274	202	-32.60	20.12	-81.36	1121.99	-4848.89	12776.92	-2599.01	4897.38	-3577.63
118	570	377	155	117	274	200	-31.72	20.58	-79.87	1285.09	-4993.65	13776.43	-2599.66	5303.06	-3211.85
118	570	377	155	118	274	200	-30.20	20.52	-79.66	1294.64	-4929.97	14725.96	-2543.83	5466.36	-2929.81
118	570	377	156	118	274	201	-28.20	19.51	-79.96	1221.71	-4677.47	15628.01	-2467.88	5308.89	-2632.27
118	570	377	155	118	274	201	-25.67	17.94	-80.28	1133.42	-4330.99	16309.41	-2278.54	4968.40	-2220.80
118	571	377	156	118	274	202	-22.88	16.43	-81.89	943.95	-3940.64	16783.94	-2038.51	4541.13	-1661.76
118	571	377	156	118	275	203	-20.42	15.01	-86.03	606.95	-3590.41	17096.74	-1842.79	3974.62	-1028.07
118	571	377	156	117	274	202	-18.29	13.66	-91.97	210.80	-3254.69	17213.90	-1733.45	3308.94	-328.12
118	571	377	156	117	275	202	-16.05	12.54	-99.15	-192.54	-2927.76	17203.01	-1592.53	2631.39	494.28
118	571	377	155	117	275	201	-14.22	11.65	-107.33	-597.71	-2648.17	17127.46	-1500.15	1961.52	1455.92
119	571	378	156	117	275	201	-12.83	10.91	-115.16	-979.82	-2460.16	16957.08	-1406.19	1303.10	2549.92
119	571	378	156	117	275	200	-12.64	10.45	-121.15	-1329.23	-2417.55	16708.83	-1368.78	683.44	3737.48
119	572	377	156	117	276	202	-13.72	10.04	-123.88	-1619.57	-2574.67	16381.39	-1275.49	131.22	4950.05
119	571	378	156	117	277	203	-15.94	9.80	-124.07	-1856.99	-2903.54	15982.32	-1173.92	-260.89	6161.30
119	571	378	155	116	277	204	-19.10	9.56	-121.68	-2075.94	-3569.96	15626.60	-1113.02	-471.75	7280.69
119	569	378	156	117	276	206	-22.05	9.06	-117.98	-2254.75	-4537.07	15396.87	-995.92	-628.51	8186.45
120	567	379	155	116	277	207	-25.16	8.06	-113.45	-2265.41	-5656.41	15192.83	-940.53	-777.68	8717.83
119	566	379	155	116	277	208	-28.12	6.98	-109.27	-2136.74	-6730.79	15006.99	-893.60	-865.25	8859.99
119	566	379	156	116	277	208	-30.40	5.89	-106.08	-1945.10	-7568.25	14834.24	-795.82	-921.04	8676.29
119	567	379	155	116	276	208	-32.06	4.84	-103.90	-1744.85	-8063.44	14632.73	-680.48	-938.73	8302.82
119	567	378	155	116	276	208	-33.46	3.76	-102.18	-1538.20	-8336.67	14414.49	-630.65	-938.75	7840.58