91	561	399	151	110	268	203	-29.83	5.69	-102.71	-1490.33	-7749.41	13542.96	-16.24	304.61	352.96
92	561	400	151	110	268	203	-29.91	5.76	-102.68	-1488.61	-7762.14	13531.81	-13.97	339.43	346.56
92	562	400	152	110	268	203	-29.81	6.05	-102.78	-1501.38	-7756.03	13529.42	7.07	390.31	341.73
92	561	400	151	110	268	204	-29.70	6.17	-102.87	-1513.31	-7750.83	13562.35	5.12	408.64	325.65
92	561	399	151	110	268	203	-29.92	5.94	-102.44	-1453.24	-7763.09	13588.63	-53.49	427.86	323.31
93	562	400	151	110	268	204	-30.68	5.68	-101.23	-1318.58	-7985.14	13730.00	-131.71	510.32	283.75
92	561	400	151	110	268	203	-30.07	5.74	-99.95	-1202.05	-8422.88	14231.30	132.07	650.80	109.16
92	561	400	151	111	267	204	-28.46	5.32	-99.55	-1180.75	-8660.13	15058.74	450.37	601.76	-178.55
93	560	399	151	110	267	205	-27.72	3.52	-98.88	-1099.31	-8838.53	15944.15	488.90	196.07	-542.87
93	560	399	150	110	267	205	-27.14	0.85	-97.67	-928.35	-9030.40	16653.14	530.41	-414.93	-947.48
93	561	399	151	110	267	205	-26.15	-1.95	-96.58	-757.13	-9120.28	17136.88	690.54	-1067.73	-1372.20
94	561	398	151	110	267	205	-25.13	-4.76	-95.92	-649.67	-9137.47	17372.64	879.11	-1754.20	-1812.89
94	561	398	151	110	267	203	-24.37	-7.39	-95.69	-604.19	-9077.19	17399.01	1025.70	-2459.14	-2273.60
94	562	397	151	111	266	203	-23.86	-9.76	-95.50	-561.18	-8955.73	17221.86	1137.27	-3100.78	-2679.77
95	561	397	151	110	266	201	-23.16	-11.40	-95.52	-548.52	-8792.15	16886.96	1344.81	-3615.39	-2991.68
94	562	398	151	111	266	201	-21.57	-12.16	-95.91	-580.50	-8495.74	16416.41	1669.52	-4025.92	-3188.44
95	562	397	151	111	264	201	-20.08	-11.96	-96.50	-633.07	-8146.15	15851.99	1897.24	-4329.18	-3250.37
95	562	398	151	110	265	201	-20.26	-11.64	-96.91	-662.82	-7879.45	15251.59	2056.58	-4523.47	-3223.75
95	562	398	150	111	264	200	-20.60	-10.93	-97.35	-692.08	-7620.67	14630.21	2236.60	-4617.19	-3156.87
94	562	397	151	110	263	201	-20.43	-10.57	-97.54	-681.47	-7330.24	14072.70	2324.37	-4627.63	-3033.27
96	563	397	150	111	263	202	-21.12	-11.24	-97.04	-593.00	-7151.53	13586.27	2393.40	-4559.55	-2873.81
96	562	397	150	111	264	201	-22.00	-12.77	-95.43	-369.15	-7046.55	13188.35	2426.13	-4442.67	-2716.12
96	562	396	150	111	263	202	-22.91	-14.60	-92.75	-18.49	-6981.62	12854.34	2411.42	-4266.39	-2578.26
97	562	397	150	111	263	201	-23.94	-16.16	-89.82	357.63	-6927.54	12590.42	2286.85	-4037.82	-2440.50
96	562	397	149	111	263	203	-25.69	-17.29	-86.51	781.15	-6992.56	12401.90	2061.36	-3772.28	-2297.97
97	562	397	149	111	263	202	-28.02	-18.09	-83.16	1237.09	-7197.74	12292.40	1747.04	-3501.11	-2205.58
97	561	397	149	110	263	203	-30.60	-18.73	-80.09	1709.84	-7537.25	12227.18	1423.94	-3251.76	-2225.85
97	562	397	149	111	262	204	-32.87	-19.05	-77.49	2172.95	-7954.99	12173.42	1200.69	-2973.42	-2377.60
97	561	396	149	110	262	203	-34.47	-18.93	-75.73	2531.90	-8306.24	12203.75	1015.56	-2678.55	-2686.37
98	561	396	149	110	261	205	-35.67	-18.85	-74.35	2806.91	-8492.93	12299.37	750.23	-2437.22	-3069.36
98	561	395	149	110	261	205	-37.28	-18.93	-73.26	3045.96	-8680.48	12357.40	408.42	-2263.56	-3498.24
98	561	395	148	110	262	204	-38.48	-18.58	-72.44	3219.26	-8787.45	12396.93	97.70	-2027.03	-4013.73
98	561	394	149	111	260	206	-38.70	-18.03	-71.74	3319.30	-8713.68	12432.68	-139.19	-1763.53	-4499.59
99	561	395	149	110	261	204	-38.61	-17.23	-71.24	3353.73	-8557.20	12501.05	-420.08	-1516.91	-4980.16
98	561	395	149	111	260	204	-38.40	-16.16	-70.78	3370.85	-8377.54	12589.19	-723.27	-1246.21	-5428.40
99	561	393	150	111	260	204	-37.42	-14.99	-70.33	3352.30	-8111.66	12673.73	-918.31	-954.65	-5826.73
99	561	394	150	112	259	203	-36.03	-13.44	-70.18	3270.29	-7814.08	12855.05	-1063.24	-660.07	-6200.65
99	561	394	150	112	259	202	-33.80	-12.37	-69.56	3195.57	-7345.97	13063.69	-1191.28	-470.56	-6529.86
99	561	394	150	111	259	202	-31.44	-11.40	-68.64	3131.60	-6820.27	13304.91	-1324.77	-303.54	-6767.37
99	561	394	150	111	259	202	-28.72	-10.57	-67.33	3074.82	-6225.66	13543.06	-1413.73	-167.76	-6879.40
99	561	394	150	111	258	202	-26.12	-9.94	-65.86	3024.88	-5669.18	13734.71	-1477.84	-59.22	-6860.58
100	562	394	150	111	260	202	-23.80	-9.73	-64.29	3000.43	-5203.92	13847.58	-1516.40	-19.76	-6729.10
99	561	394	150	111	259	202	-22.18	-9.61	-63.10	2985.41	-4891.72	13838.00	-1535.98	39.93	-6534.90
99	562	395	150	111	259	202	-20.51	-9.15	-62.53	2916.14	-4635.34	13788.70	-1444.23	112.38	-6303.70
99	562	394	151	111	260	203	-19.00	-8.59	-62.50	2791.33	-4387.57	13637.06	-1376.02	130.41	-6038.67
100	562	395	151	112	262	202	-18.36	-8.15	-62.76	2677.97	-4219.59	13307.21	-1337.22	160.54	-5754.53
99	563	395	151	112	264	203	-19.94	-7.39	-63.56	2563.47	-4149.41	12797.65	-1247.76	304.92	-5481.86
99	563	395	150	112	266	203	-22.67	-4.78	-64.84	2404.89	-4075.34	12222.56	-1083.57	608.62	-5218.91
99	563	395	152	112	267	203	-21.81	1.04	-65.41	2265.05	-3887.97	11636.64	-951.99	1041.04	-4951.87
99	564	396	151	112	269	202	-26.26	1.62	-65.72	2197.40	-3798.77	11065.60	-928.64	1621.49	-4629.07
100	565	396	152	112	270	198	-26.60	4.15	-66.51	2140.33	-3822.44	10750.72	-744.01	2433.26	-4297.42
100	565	396	152	112	271	199	-25.11	7.85	-68.10	1960.91	-3712.31	10865.99	-660.46	3305.80	-3948.55
99	565	397	151	112	271	198	-25.40	10.63	-70.03	1854.67	-3850.10	11346.29	-850.79	4045.36	-3570.57
100	564	397	152	112	272	198	-25.40	12.87	-71.36	1800.33	-4013.79	12150.77	-1019.65	4690.99	-3233.39
100	565	397	152	112	272	199	-25.55	14.21	-71.97	1774.32	-4091.30	13067.63	-1290.52	5100.84	-2893.37
100	565	397	152	112	272	199	-25.86	14.70	-72.13	1788.00	-4173.14	13973.25	-1602.99	5313.15	-2632.80
101	564	397	152	112	272	197	-25.55	14.64	-72.44	1753.80	-4151.88	14862.79	-1807.89	5353.24	-2381.61
101	565	398	152	112	272	197	-24.79	14.22	-73.59	1618.91	-4027.09	15633.45	-1943.35	5216.33	-2128.98
101	565	397	152	112	272	197	-23.39	13.43	-75.58	1382.56	-3744.93	16227.98	-2001.38	4889.66	-1872.43
101	565	397	153	112	273	198	-21.36	12.27	-77.41	1148.84	-3313.29	16576.78	-2026.86	4433.68	-1520.11
101	565	396	152	113	273	198	-19.09	11.33	-80.28	882.59	-2866.22	16751.94	-2010.77	3978.55	-998.71
101	566	397	153	112	273	198	-16.68	10.78	-85.67	543.66	-2434.91	16818.74	-1951.68	3512.77	-340.02
101	566	397	152	113	272	198	-14.21	10.49	-94.05	165.48	-2042.97	16775.20	-1856.29	3030.73	453.08
101	566	397	152	112	273	197	-12.18	10.50	-104.77	-210.39	-1728.02	16636.84	-1797.33	2562.34	1350.78
101	567	397	152	112	273	199	-10.87	10.51	-115.80	-568.87	-1531.82	16520.00	-1746.91	2125.98	2383.69
102	567	397	153	112	273	200	-10.58	10.46	-123.91	-934.63	-1552.43	16454.60	-1646.12	1703.33	3476.35
102	567	397	152	113	273	201	-11.38	10.01	-126.15	-1198.30	-1763.40	16382.47	-1555.01	1300.61	4627.94
102	566	397	152	112	274	201	-13.40	9.38	-123.33	-1427.38	-2344.63	16330.54	-1461.46	959.23	5735.64
102	566	396	153	112	274	203	-16.81	8.35	-118.35	-1578.81	-3208.20	16161.42	-1492.59	608.12	6660.71
102	566	398	152	112	275	203	-20.82	6.92	-111.31	-1529.07	-4441.59	15804.35	-1457.56	326.76	7184.52
102	565	398	152	112	274	204	-23.42	5.92	-106.42	-1392.42	-5521.91	15498.93	-1162.23	217.57	7332.89
102	563	399	152	112	274	205	-25.01	5.15	-103.76	-1271.80	-6220.02	15292.18	-847.47	158.60	7197.20
102	564	398	153	112	274	206	-25.82	4.41	-102.36	-1170.01	-6527.82	15120.37	-631.34	95.72	6955.24
103	564	399	153	112	274	203	-26.18	3.55	-101.38	-1058.71	-6582.42	14990.55	-595.48	22.93	6719.53
103	564	399	152	111	274	205	-26.74	2.78	-100.70	-975.97	-6592.70	14899.83	-696.45	-77.77	6493.30
103	565	398	153	111	274	204	-27.71	2.00	-99.96	-892.57	-6644.07	14795.43	-842.78	-182.53	6256.89
103	565	398	152	112	274	206	-28.81	1.44	-99.24	-816.55	-6730.26	14671.86	-985.64	-237.45	5973.84