117	571	371	154	116	271	210	-33.48	13.03	-112.89	-3527.15	-8812.64	13638.61	-562.58	990.66	1602.06
117	570	371	154	116	271	209	-33.33	13.09	-113.06	-3547.19	-8781.81	13630.88	-530.60	935.93	1609.25
117	571	371	154	115	271	211	-33.79	12.94	-112.90	-3542.23	-8842.32	13634.14	-575.47	887.78	1618.34
117	570	371	154	116	271	211	-33.93	12.60	-112.37	-3499.32	-8979.60	13710.83	-518.75	853.29	1608.82
116	570	371	153	115	270	211	-33.86	12.08	-111.35	-3398.75	-9213.62	13974.29	-440.66	844.28	1558.83
117	568	371	153	115	270	212	-33.81	11.02	-109.98	-3275.02	-9590.14	14475.37	-395.68	713.91	1417.44
117	569	371	153	116	270	212	-33.47	8.91	-108.36	-3090.87	-9981.04	15041.01	-278.99	338.02	1141.27
117	568	371	153	116	269	212	-33.00	6.23	-106.67	-2841.32	-10267.58	15526.55	-151.04	-165.48	765.75
117	568	370	152	115	269	212	-32.55	3.51	-105.07	-2589.06	-10520.00	15963.03	-29.79	-698.31	346.52
117	568	370	153	116	268	211	-32.13	0.99	-103.84	-2400.60	-10759.20	16349.67	81.10	-1234.14	-117.66
117	568	369	152	117	267	211	-31.50	-1.35	-103.06	-2280.57	-10933.24	16661.99	246.54	-1788.84	-592.48
117	568	369	152	117	265	211	-31.00	-3.60	-102.65	-2221.74	-11046.98	16856.89	392.42	-2374.99	-1082.60
117	568	368	152	117	263	210	-30.69	-5.86	-102.62	-2237.46	-11145.63	16925.25	537.39	-3049.19	-1621.17
117	568	368	153	116	262	210	-29.63	-8.09	-102.79	-2259.58	-11085.15	16806.18	850.87	-3761.54	-2167.16
117	568	367	152	117	261	209	-28.00	-9.75	-103.18	-2273.21	-10796.69	16503.48	1176.98	-4379.61	-2600.91
117	569	367	152	117	260	208	-26.16	-10.45	-103.89	-2313.15	-10365.86	16037.70	1383.93	-4907.03	-2922.51
117	569	367	152	117	259	210	-24.49	-10.13	-104.51	-2318.69	-9913.56	15428.42	1575.04	-5360.18	-3139.38
117	568	367	152	117	259	209	-17.08	-10.41	-104.79	-2227.95	-9361.89	14683.00	1725.38	-5653.52	-3227.12
117	570	367	152	117	259	209	-6.22	-15.42	-104.63	-2068.76	-8863.79	13932.25	1716.06	-5723.59	-3195.46
116	571	367	151	117	259	208	-10.80	-16.93	-104.08	-1892.92	-8541.20	13253.23	1684.46	-5607.51	-3055.29
116	571	367	151	117	258	209	-14.65	-17.03	-102.96	-1688.67	-8445.74	12708.97	1683.19	-5352.94	-2853.47
115	570	367	151	117	258	210	-18.32	-17.43	-101.10	-1403.44	-8518.85	12271.12	1628.88	-5114.49	-2710.65
116	567	367	150	117	258	210	-22.48	-17.64	-98.26	-997.67	-8833.91	11929.57	1408.93	-4807.41	-2622.17
116	566	367	150	117	258	211	-26.11	-17.23	-95.34	-573.78	-9364.02	11711.69	1232.49	-4419.04	-2657.91
116	565	368	150	117	258	211	-28.88	-16.60	-92.94	-191.69	-9882.82	11631.30	1115.31	-4021.59	-2867.96
116	565	368	150	117	258	210	-31.95	-16.74	-90.60	223.29	-10291.47	11544.94	845.45	-3765.31	-3310.96
116	565	368	150	117	257	210	-35.06	-16.93	-88.19	679.13	-10590.90	11434.69	491.53	-3460.45	-3923.42
116	566	368	151	117	258	210	-37.14	-16.78	-86.24	1058.77	-10678.16	11373.56	188.95	-3061.07	-4577.60
117	566	367	151	117	257	209	-38.25	-16.26	-84.65	1359.63	-10619.45	11406.28	-111.85	-2627.77	-5214.92
117	566	367	150	117	256	208	-38.47	-15.38	-83.32	1591.65	-10404.27	11521.36	-414.46	-2166.43	-5883.52
116	567	368	150	116	254	206	-37.15	-13.63	-82.48	1691.67	-9942.46	11823.90	-714.18	-1673.71	-6486.74
116	567	367	151	117	252	206	-35.61	-12.26	-81.80	1728.08	-9348.54	12187.70	-1068.02	-1341.93	-6923.61
116	567	368	151	118	252	206	-33.74	-11.47	-81.02	1763.28	-8708.11	12453.91	-1385.47	-1148.33	-7275.43
116	567	368	151	118	253	206	-30.78	-10.98	-79.79	1827.52	-7960.51	12660.82	-1539.70	-994.41	-7443.40
116	567	368	152	118	253	206	-27.47	-10.82	-78.09	1922.34	-7201.88	12760.98	-1647.31	-883.84	-7381.18
116	567	367	152	118	254	207	-24.70	-10.70	-76.80	1964.62	-6618.39	12719.73	-1723.35	-779.90	-7155.08
116	567	368	152	118	255	207	-22.70	-10.38	-76.07	1960.99	-6222.47	12558.74	-1710.63	-669.90	-6829.62
116	568	369	152	118	256	207	-21.28	-9.64	-76.01	1894.14	-5930.34	12274.20	-1610.65	-535.66	-6497.04
116	568	369	151	118	257	209	-19.61	-7.73	-76.63	1752.03	-5631.43	11964.09	-1530.07	-355.73	-6178.54
116	569	369	152	117	260	209	-17.79	-5.31	-77.34	1602.23	-5312.85	11543.69	-1530.96	-223.04	-5819.76
116	570	370	152	117	262	207	-27.57	0.41	-77.69	1509.12	-5054.41	10963.70	-1669.37	-15.59	-5430.17
115	571	370	153	116	266	209	-34.81	2.06	-78.44	1422.67	-4989.09	10270.52	-1702.70	433.39	-4989.71
116	572	371	153	117	268	206	-39.50	5.28	-79.09	1342.13	-4900.24	9693.99	-1481.06	1227.37	-4567.53
116	572	372	153	117	268	203	-37.86	10.70	-81.27	1111.03	-4727.23	9483.89	-1435.46	2178.15	-4143.90
115	572	372	152	117	270	203	-38.38	14.48	-83.32	934.87	-4791.46	9552.30	-1671.19	3087.80	-3696.11
116	572	373	153	117	271	203	-38.24	18.00	-84.59	841.13	-5022.29	9851.28	-1686.73	4118.86	-3192.20
115	571	373	153	117	271	202	-37.65	21.45	-85.61	756.07	-5173.78	10409.92	-1750.84	5157.76	-2707.94
116	571	373	153	117	271	203	-37.58	24.47	-87.17	620.47	-5449.89	11311.22	-1961.75	6063.02	-2249.74
115	571	373	153	118	271	204	-37.35	26.48	-88.44	502.05	-5825.79	12384.01	-2107.61	6723.87	-1890.66
115	570	373	153	118	272	202	-36.73	27.42	-89.21	422.54	-6080.50	13403.16	-2200.43	7123.03	-1664.97
116	570	373	153	118	271	203	-35.85	27.48	-90.21	310.42	-6199.28	14371.35	-2281.91	7258.48	-1491.42
116	570	373	153	118	270	203	-34.33	26.42	-91.85	124.70	-6136.91	15291.13	-2283.56	7033.80	-1370.65
116	571	373	153	118	271	203	-32.15	24.46	-93.28	-21.54	-5847.87	15982.58	-2225.58	6552.16	-1228.02
115	571	373	153	118	271	203	-29.65	22.33	-95.55	-223.46	-5390.07	16449.25	-2186.51	5935.46	-967.57
116	571	373	153	118	272	203	-27.09	20.43	-99.64	-551.89	-4876.37	16736.39	-2184.18	5229.08	-558.14
116	572	373	153	118	272	203	-24.31	18.63	-105.40	-955.89	-4342.15	16839.17	-2167.82	4420.38	6.02
116	572	373	153	118	272	202	-21.37	17.19	-112.41	-1383.90	-3829.44	16758.41	-2126.53	3581.46	752.86
116	573	373	154	118	272	202	-18.98	16.24	-119.73	-1823.90	-3443.97	16593.89	-2091.40	2793.04	1669.27
116	573	373	153	118	274	201	-17.57	15.50	-126.18	-2260.91	-3213.57	16403.99	-2061.23	2023.68	2693.46
117	573	373	154	118	274	201	-16.69	14.69	-130.83	-2640.86	-3108.89	16248.99	-1963.47	1312.30	3842.74
116	573	373	154	118	275	202	-16.99	14.05	-133.25	-2991.22	-3200.45	16054.34	-1849.05	680.49	5127.35
117	573	374	154	118	275	204	-19.94	12.95	-131.72	-3251.86	-3686.03	15784.42	-1888.10	115.36	6364.73
117	572	374	154	118	277	205	-23.59	11.47	-126.70	-3408.87	-4686.73	15492.60	-1889.89	-309.81	7393.24
116	569	375	154	116	277	206	-26.55	10.19	-121.32	-3472.42	-5921.19	15186.77	-1677.05	-577.82	7987.73
116	567	376	154	118	277	207	-28.99	9.07	-117.30	-3431.80	-6961.53	14900.63	-1438.39	-743.93	8123.95
116	568	376	154	117	277	208	-30.76	8.00	-114.41	-3309.01	-7691.45	14690.20	-1191.92	-867.73	7980.85
117	568	375	154	116	277	208	-31.96	6.97	-112.60	-3146.56	-8024.48	14515.09	-1052.68	-957.49	7712.81
116	568	376	154	116	276	207	-33.14	6.06	-111.38	-3001.83	-8182.46	14339.94	-1066.99	-1033.97	7433.22