120	570	381	156	115	274	211	-24.42	7.41	-108.29	-1880.06	-6363.25	14097.91	-74.70	468.59	476.60
120	570	380	156	115	273	211	-24.30	7.55	-108.46	-1900.66	-6356.09	14106.02	-49.77	475.61	486.52
120	571	380	156	115	274	211	-24.30	7.67	-108.62	-1920.83	-6352.88	14118.32	-59.38	472.28	502.04
120	570	381	156	115	273	210	-24.40	7.70	-108.63	-1927.99	-6373.04	14132.80	-74.91	469.71	519.34
120	570	381	156	115	273	210	-24.50	7.72	-108.48	-1913.39	-6386.19	14152.56	-95.36	487.83	534.52
120	570	380	156	115	273	210	-24.71	7.56	-107.99	-1864.72	-6432.08	14248.73	-147.00	517.24	561.40
120	570	380	156	115	272	211	-25.15	7.21	-106.62	-1750.68	-6644.47	14535.90	-195.55	561.57	578.33
120	569	381	155	116	272	210	-25.08	6.67	-105.25	-1634.35	-6884.05	15181.50	-221.07	549.00	481.01
119	568	380	155	115	271	212	-25.26	4.94	-103.88	-1502.03	-7094.25	15985.63	-357.76	225.35	330.36
119	567	380	155	115	270	212	-26.39	2.47	-101.27	-1211.53	-7416.74	16707.55	-665.33	-240.02	115.09
119	566	379	154	116	270	212	-26.41	-0.12	-99.04	-960.55	-7797.30	17357.77	-630.56	-766.42	-258.51
119	566	379	154	115	269	211	-25.28	-2.89	-97.71	-781.32	-7897.23	17825.88	-407.38	-1387.60	-711.69
119	566	378	153	116	267	208	-24.11	-5.77	-97.28	-712.66	-7850.57	18100.18	-227.11	-2120.97	-1147.10
119	566	377	154	116	267	208	-23.36	-8.70	-97.20	-686.83	-7731.84	18128.17	-158.06	-2920.12	-1495.60
119	566	378	154	116	267	208	-23.06	-11.20	-97.13	-678.68	-7752.65	17952.37	32.90	-3648.97	-1788.47
119	567	378	154	117	266	206	-22.07	-12.87	-97.30	-693.75	-7676.02	17576.75	455.95	-4234.22	-1994.89
119	567	377	154	116	266	207	-21.62	-14.14	-97.50	-704.86	-7546.82	17094.71	771.45	-4702.01	-2168.20
119	567	378	154	116	266	206	-22.58	-14.81	-97.66	-709.02	-7417.08	16512.77	863.93	-5026.21	-2297.14
119	568	377	154	116	265	208	-24.78	-15.19	-97.55	-697.57	-7440.02	15870.93	1039.48	-5211.79	-2399.13
119	568	377	154	116	265	208	-26.21	-16.05	-97.02	-608.49	-7314.42	15151.59	1442.16	-5233.95	-2455.33
119	568	377	153	116	264	207	-28.85	-17.38	-96.46	-507.07	-7091.90	14426.81	1583.20	-5135.36	-2461.61
119	568	378	153	115	262	207	-31.93	-18.23	-95.21	-339.51	-7033.30	13790.07	1520.34	-4987.29	-2452.08
119	569	377	153	116	264	208	-33.71	-18.89	-93.55	-126.54	-7074.04	13269.16	1606.27	-4796.82	-2454.47
119	569	377	153	116	263	209	-35.15	-19.75	-91.59	128.39	-7066.54	12842.30	1572.56	-4573.83	-2425.00
119	568	378	153	115	263	210	-37.69	-20.25	-89.31	425.97	-7237.81	12532.79	1235.08	-4359.14	-2447.60
119	568	378	153	116	264	209	-39.98	-20.64	-86.66	794.87	-7565.52	12367.95	895.63	-4144.83	-2563.92
119	568	378	153	116	263	209	-41.91	-21.19	-83.92	1205.13	-7851.04	12274.35	548.55	-3944.94	-2782.72
119	568	378	153	116	264	209	-43.84	-21.65	-81.30	1629.67	-8136.69	12252.63	135.17	-3739.55	-3099.89
119	568	379	153	116	265	208	-45.30	-21.90	-78.87	2042.39	-8348.46	12292.60	-271.99	-3485.22	-3534.14
119	568	378	153	116	265	209	-45.98	-21.81	-76.57	2419.27	-8402.03	12412.77	-678.44	-3158.66	-4055.49
119	568	378	154	116	264	209	-45.68	-21.37	-74.73	2685.11	-8280.53	12653.73	-1065.27	-2861.47	-4568.51
119	568	378	154	117	264	208	-44.78	-20.94	-73.15	2880.25	-8074.30	12903.25	-1383.90	-2625.90	-5045.69
119	568	378	154	117	265	207	-42.93	-20.18	-71.82	2992.64	-7759.39	13171.08	-1564.81	-2408.86	-5455.40
118	568	378	155	117	264	207	-40.62	-19.70	-70.41	3058.41	-7321.02	13370.13	-1732.02	-2265.61	-5770.43
119	568	378	154	118	264	205	-38.28	-19.53	-68.74	3129.09	-6851.77	13461.02	-1912.32	-2172.73	-5990.01
119	568	378	155	117	265	206	-35.73	-19.53	-67.03	3198.23	-6425.18	13437.57	-1984.85	-2072.90	-6099.76
119	568	379	154	117	265	206	-32.94	-19.08	-65.64	3225.32	-6054.52	13353.09	-1899.76	-1888.60	-6126.17
119	568	378	154	117	266	206	-29.67	-18.27	-64.40	3189.05	-5626.99	13262.64	-1776.77	-1706.57	-6075.91
118	569	378	154	117	266	206	-27.30	-17.57	-63.49	3118.20	-5250.04	13070.91	-1799.18	-1561.29	-5939.82
119	569	379	154	117	266	207	-26.78	-16.75	-63.56	3026.29	-5080.14	12777.96	-1805.62	-1407.43	-5769.83
118	569	379	154	117	267	207	-24.94	-14.95	-63.91	2879.98	-4864.53	12426.46	-1585.79	-1153.21	-5627.34
118	570	379	155	117	267	207	-19.86	-12.66	-63.66	2713.98	-4472.91	11972.94	-1455.85	-888.80	-5417.47
118	570	378	155	117	269	207	-19.39	-11.52	-63.74	2589.08	-4237.06	11427.09	-1554.36	-555.71	-5152.55
118	570	379	155	117	271	206	-22.37	-8.79	-64.65	2462.02	-4158.21	10922.94	-1456.84	-29.97	-4882.67
118	571	379	155	117	272	204	-21.90	-3.83	-66.02	2268.12	-4015.90	10503.59	-1173.80	623.08	-4597.18
118	571	379	156	117	273	205	-20.87	-0.38	-66.93	2115.72	-3849.50	10259.41	-1118.21	1336.52	-4328.43
118	571	379	156	117	275	204	-20.87	3.04	-67.62	2027.33	-3779.43	10307.04	-1222.75	2213.20	-3940.60
117	571	379	156	117	276	202	-21.31	6.29	-68.52	1975.56	-3836.66	10643.69	-1369.91	3103.74	-3487.77
117	571	380	156	117	277	203	-21.95	9.00	-68.71	2016.19	-3982.82	11307.30	-1579.82	3923.40	-3060.14
117	571	380	156	117	277	203	-22.64	11.12	-68.72	2099.78	-4199.28	12212.94	-1806.68	4602.98	-2643.68
118	570	380	156	117	277	203	-23.45	12.58	-68.75	2193.79	-4448.92	13198.29	-2058.79	5107.48	-2289.99
117	570	380	156	117	277	203	-23.85	13.22	-68.74	2281.30	-4671.07	14176.72	-2222.05	5389.01	-2034.34
117	570	380	156	117	277	203	-23.75	13.27	-68.34	2372.43	-4800.72	15066.09	-2291.90	5515.26	-1863.38
117	570	380	156	117	277	204	-22.87	12.83	-68.37	2362.81	-4783.48	15871.18	-2247.15	5447.69	-1741.16
118	570	380	156	117	277	204	-21.55	11.94	-68.98	2241.07	-4631.71	16503.83	-2149.80	5174.91	-1624.45
118	570	380	156	118	277	204	-19.86	10.76	-69.86	2052.62	-4351.52	16892.43	-2043.61	4758.11	-1490.68
118	571	379	156	118	277	203	-17.82	9.61	-70.55	1837.59	-3924.95	17076.61	-1984.18	4300.01	-1273.24
119	571	379	156	118	276	203	-15.62	8.89	-72.16	1570.31	-3508.30	17174.38	-1873.92	3878.46	-951.48
119	571	379	156	117	276	203	-12.60	8.45	-75.39	1210.19	-3027.48	17232.06	-1616.37	3435.99	-457.41
119	571	378	156	117	275	202	-9.64	8.06	-80.40	807.08	-2465.11	17231.86	-1452.20	2937.34	230.01
119	572	379	156	117	275	202	-7.51	7.78	-88.53	394.53	-2015.05	17203.47	-1388.99	2419.57	1090.71
119	571	379	156	117	275	202	-5.74	7.63	-99.48	-13.40	-1740.70	17137.69	-1208.84	1903.74	2086.98
119	572	379	157	117	275	203	-4.44	7.51	-110.80	-391.73	-1572.87	16989.81	-1025.00	1378.70	3174.18
119	572	379	156	117	276	205	-4.88	7.57	-117.67	-696.94	-1629.82	16775.52	-936.05	951.47	4308.32
118	572	380	156	117	276	206	-6.54	7.28	-119.12	-976.69	-2017.73	16602.94	-762.30	557.44	5447.55
119	572	380	156	117	277	208	-9.69	6.52	-115.82	-1153.86	-2739.45	16359.59	-625.73	210.77	6537.42
120	570	381	156	116	277	209	-14.27	5.58	-109.93	-1215.57	-3937.67	16038.61	-681.00	-25.32	7317.55
119	566	381	155	116	277	210	-18.09	4.68	-104.25	-1109.99	-5345.19	15722.68	-583.15	-131.25	7509.43
120	566	382	155	116	277	208	-19.97	4.01	-100.82	-945.69	-6351.73	15493.35	-171.59	-135.04	7328.20
119	567	381	155	114	276	210	-20.97	3.42	-99.24	-830.60	-6816.94	15372.88	138.79	-133.34	6993.64
119	567	381	155	115	276	210	-22.17	2.32	-97.98	-700.27	-7039.90	15269.44	189.15	-240.77	6658.76
119	567	381	155	114	276	211	-23.58	1.01	-96.79	-560.06	-7161.70	15131.96	77.34	-403.23	6303.82
119	568	381	155	114	276	211	-24.57	-0.04	-95.90	-445.26	-7197.02	14983.37	-35.22	-531.52	5958.88