120	570	374	157	120	274	205	-27.05	3.98	-99.35	-980.07	-7642.70	15104.43	-673.05	1619.85	763.55
119	570	374	156	119	273	207	-27.07	3.97	-99.29	-970.47	-7634.76	15172.61	-721.50	1597.15	752.97
119	569	373	156	119	273	207	-27.79	3.85	-98.91	-936.75	-7761.03	15369.98	-871.68	1553.40	731.12
119	569	375	156	119	272	207	-28.24	3.33	-97.94	-841.71	-8086.37	15723.88	-861.84	1448.03	642.87
119	568	374	155	119	271	208	-28.15	2.34	-96.68	-683.22	-8345.86	16156.09	-780.15	1256.18	418.27
120	568	374	155	119	270	208	-27.97	0.93	-95.24	-482.46	-8552.76	16653.28	-746.04	979.42	121.36
119	568	374	155	119	268	207	-28.02	-0.68	-93.98	-299.94	-8757.52	17143.22	-773.69	621.40	-226.41
120	567	374	155	119	267	208	-27.76	-2.55	-93.16	-179.94	-8959.65	17568.86	-693.16	140.28	-646.19
119	568	373	155	120	266	208	-26.78	-4.69	-92.69	-107.55	-9045.67	17867.21	-460.35	-450.99	-1081.18
119	568	373	155	120	266	208	-25.82	-7.18	-92.35	-49.57	-8995.78	17972.05	-262.58	-1136.99	-1486.47
119	568	372	155	120	265	209	-25.49	-9.65	-92.06	-1.09	-8939.59	17892.25	-157.70	-1828.79	-1844.55
120	568	372	155	119	265	208	-25.35	-11.66	-91.93	20.76	-8941.81	17687.64	34.43	-2451.35	-2156.17
119	569	371	155	119	264	208	-24.93	-13.33	-91.88	30.53	-8899.52	17382.65	334.21	-3004.23	-2455.91
119	569	372	155	119	263	208	-24.58	-14.78	-91.80	48.40	-8770.75	16971.12	605.95	-3463.62	-2704.61
119	569	371	155	119	264	207	-24.96	-16.16	-91.45	107.58	-8599.81	16439.56	767.55	-3793.79	-2900.43
119	569	370	155	119	263	207	-25.57	-17.24	-91.06	171.40	-8400.62	15868.38	889.43	-3989.55	-3038.16
119	569	370	154	119	263	206	-26.17	-18.45	-90.55	252.83	-8133.99	15251.56	1005.40	-4076.07	-3090.70
119	569	370	154	120	262	205	-27.50	-19.92	-89.93	344.79	-7876.49	14611.19	1103.78	-4073.87	-3072.27
118	570	369	154	119	261	205	-29.31	-21.23	-89.03	469.75	-7663.86	13983.23	1161.30	-3966.43	-3003.80
118	570	369	153	119	261	205	-31.14	-21.71	-88.03	605.06	-7543.27	13438.66	1179.93	-3778.70	-2898.21
118	570	370	153	119	261	205	-32.91	-22.06	-86.67	790.61	-7507.91	12973.93	1170.68	-3550.62	-2771.25
118	569	369	152	119	261	206	-35.31	-21.93	-84.99	1033.48	-7644.91	12588.83	1040.05	-3279.59	-2649.34
118	568	370	152	118	261	208	-37.78	-21.08	-83.59	1268.21	-7974.47	12363.99	806.45	-2946.01	-2641.62
118	567	370	152	119	261	209	-39.98	-20.42	-82.37	1501.99	-8375.94	12251.99	537.52	-2690.36	-2862.99
117	567	370	152	119	259	209	-41.21	-20.80	-80.39	1836.70	-8537.34	12127.59	360.70	-2498.79	-3204.99
117	567	370	152	119	259	210	-42.14	-21.60	-77.85	2248.06	-8559.28	12021.61	103.76	-2288.30	-3540.34
117	567	370	152	120	260	208	-43.38	-21.96	-75.52	2647.06	-8621.71	11942.33	-219.07	-2024.74	-3878.63
117	567	370	152	119	259	208	-43.93	-21.79	-73.62	2989.10	-8699.03	11939.81	-413.67	-1710.25	-4272.34
117	567	369	152	120	258	208	-43.87	-21.57	-71.93	3265.65	-8650.48	11970.02	-602.74	-1398.19	-4678.33
117	567	369	153	120	258	207	-44.03	-20.93	-70.52	3497.17	-8607.75	12037.32	-866.65	-1055.93	-5094.51
118	567	370	152	119	258	206	-43.84	-19.78	-69.72	3611.51	-8536.77	12163.06	-1099.87	-722.68	-5500.44
116	567	370	153	120	258	206	-42.85	-18.34	-69.20	3653.33	-8403.53	12365.90	-1227.57	-403.10	-5883.16
117	567	370	153	120	257	205	-40.87	-17.12	-68.57	3666.87	-8158.15	12577.81	-1227.85	-158.74	-6185.96
117	567	370	153	120	257	204	-38.57	-16.05	-67.72	3661.32	-7785.04	12800.92	-1269.95	33.00	-6435.21
117	567	370	153	120	257	204	-36.21	-15.03	-66.75	3628.86	-7334.39	13061.27	-1373.56	184.10	-6607.00
117	567	369	153	120	257	203	-33.77	-14.19	-65.68	3574.41	-6835.87	13296.61	-1493.63	260.94	-6687.65
116	567	370	153	120	257	204	-31.50	-13.72	-64.61	3520.89	-6380.28	13433.18	-1598.55	260.14	-6661.66
117	568	370	153	120	258	203	-29.25	-13.18	-63.91	3434.05	-5996.46	13450.12	-1611.77	262.59	-6547.33
116	568	371	153	120	258	203	-26.74	-12.21	-63.77	3270.75	-5627.24	13352.61	-1534.63	278.56	-6348.96
117	568	371	154	120	260	204	-24.63	-11.23	-63.83	3112.21	-5320.88	13085.18	-1466.40	292.68	-6096.97
115	569	372	154	120	261	204	-22.73	-9.99	-64.04	2945.00	-5028.03	12699.52	-1435.93	382.40	-5820.02
115	569	372	154	120	263	204	-21.49	-7.98	-64.57	2769.55	-4788.63	12262.55	-1398.03	571.53	-5497.37
115	570	372	154	120	264	203	-19.83	-5.68	-65.09	2614.47	-4576.00	11850.82	-1177.23	889.05	-5116.15
116	570	373	154	120	266	201	-17.34	-2.99	-65.48	2447.75	-4298.40	11489.48	-1035.52	1283.35	-4648.24
115	570	373	154	120	267	201	-18.60	-0.58	-66.63	2308.56	-4236.48	11211.00	-1135.99	1753.73	-4148.53
115	570	373	155	120	269	200	-20.35	1.72	-68.30	2242.33	-4463.46	11128.85	-1104.59	2349.69	-3668.85
115	570	373	155	120	269	199	-20.47	4.59	-69.54	2167.81	-4580.48	11296.21	-984.41	3086.21	-3218.61
115	569	374	155	120	270	198	-21.36	6.93	-70.36	2132.62	-4704.26	11709.40	-1191.39	3738.60	-2789.18
115	569	374	155	120	270	197	-22.91	8.42	-70.33	2222.59	-4949.25	12218.13	-1507.47	4266.17	-2412.02
115	569	374	155	120	270	196	-23.32	9.76	-70.12	2304.66	-5114.78	12864.63	-1633.75	4733.11	-2112.27
115	569	374	155	120	270	195	-23.48	10.51	-69.21	2399.43	-5104.84	13584.39	-1842.36	5048.25	-1820.01
115	569	374	156	120	270	196	-24.28	10.89	-69.23	2427.86	-5186.00	14352.17	-2158.74	5210.89	-1532.51
115	569	374	156	120	270	196	-24.30	10.83	-70.07	2382.46	-5316.10	15091.37	-2245.61	5195.80	-1315.28
115	569	374	156	121	270	196	-23.31	10.25	-70.62	2297.54	-5248.70	15694.40	-2168.83	5010.81	-1141.22
115	569	374	155	121	270	197	-22.08	9.42	-71.30	2156.46	-5051.66	16165.68	-2114.49	4707.47	-949.41
116	569	375	155	121	270	196	-20.53	8.56	-72.44	1950.44	-4772.08	16504.59	-2031.66	4325.44	-674.64
116	570	374	155	120	270	197	-18.92	7.80	-74.38	1678.12	-4474.27	16719.76	-1947.88	3879.22	-322.60
116	570	375	155	121	270	197	-17.15	7.15	-77.09	1366.61	-4168.36	16809.77	-1832.63	3392.56	122.88
116	570	375	156	120	270	196	-15.29	6.61	-80.46	1034.08	-3834.74	16797.29	-1724.40	2873.28	667.13
117	570	374	156	120	270	196	-13.66	6.12	-84.80	683.98	-3502.81	16734.62	-1676.93	2323.67	1341.08
116	570	374	156	120	270	197	-12.71	5.70	-89.89	341.98	-3277.86	16620.89	-1672.14	1764.23	2102.72
117	571	374	156	120	270	196	-11.70	5.19	-94.74	49.48	-3090.77	16479.65	-1589.43	1221.12	2966.64
117	570	374	155	120	271	197	-11.22	4.86	-99.16	-201.19	-2979.43	16294.86	-1514.76	747.77	3933.85
117	571	374	155	120	271	198	-12.10	4.35	-102.46	-442.33	-3173.66	16156.32	-1379.52	307.58	4930.96
116	570	375	155	120	272	199	-13.73	3.77	-103.73	-640.62	-3650.58	15965.91	-1104.04	-47.90	5879.76
117	570	375	156	120	273	200	-16.67	3.16	-102.93	-760.99	-4428.85	15688.81	-921.59	-277.71	6617.23
117	570	376	155	120	273	200	-19.56	2.67	-100.85	-765.34	-5399.01	15437.17	-730.61	-378.47	7006.86
117	569	376	155	119	273	201	-21.97	2.19	-99.12	-725.87	-6254.86	15244.51	-523.23	-437.50	7126.22