117	571	369	153	117	275	210	-28.31	11.07	-109.42	-2357.01	-7298.30	13806.30	-78.37	3956.35	1503.26
117	571	368	153	117	274	211	-28.41	11.73	-109.69	-2421.56	-7364.58	13962.59	-137.55	4058.63	1460.94
117	570	369	153	115	274	211	-28.54	12.18	-109.54	-2454.69	-7519.35	14261.26	-179.67	4051.40	1406.50
118	570	368	152	117	273	211	-28.03	12.16	-108.73	-2412.75	-7765.18	14738.59	-66.49	4004.93	1302.42
117	569	368	152	117	270	213	-27.23	11.49	-108.20	-2387.71	-7939.72	15442.66	33.69	3806.28	1145.85
117	569	368	152	117	269	212	-27.15	9.54	-106.97	-2259.93	-8162.94	16159.13	-33.30	3307.27	892.36
118	568	368	153	116	268	213	-26.74	6.97	-105.52	-2087.93	-8380.59	16828.77	-7.53	2659.55	541.14
117	568	368	152	117	267	212	-25.86	4.31	-104.51	-1952.73	-8494.76	17428.34	113.19	1943.63	179.88
117	568	367	152	117	265	213	-25.15	1.73	-104.42	-1966.10	-8608.02	17986.32	209.48	1141.04	-206.26
117	568	368	152	118	266	212	-24.79	-1.51	-104.63	-2048.99	-8786.82	18380.40	298.81	91.19	-643.65
117	569	368	152	117	266	214	-24.34	-4.82	-104.86	-2137.54	-8976.88	18538.78	509.97	-1022.32	-1132.42
117	569	367	152	118	267	213	-23.49	-8.04	-105.14	-2192.87	-8999.44	18445.25	806.72	-2096.70	-1614.75
117	569	368	153	117	267	212	-23.04	-10.65	-105.65	-2245.62	-8872.67	18125.18	985.84	-3084.37	-2050.21
117	569	367	152	117	267	214	-23.38	-12.77	-105.93	-2240.54	-8682.23	17592.52	1064.74	-3938.75	-2428.15
117	569	367	152	117	267	212	-24.09	-14.37	-105.94	-2188.11	-8494.12	16905.30	1312.21	-4584.11	-2696.34
117	569	365	151	117	267	213	-23.06	-17.89	-105.84	-2060.11	-8102.42	16091.83	1679.70	-5028.36	-2824.87
117	570	366	151	117	265	212	-12.45	-20.70	-105.59	-1871.50	-7568.69	15216.64	1747.21	-5295.64	-2847.18
117	571	366	151	117	265	212	-1.64	-24.42	-104.87	-1650.73	-7136.66	14379.01	1545.60	-5363.06	-2753.97
116	572	366	151	116	264	211	-7.94	-26.68	-103.33	-1390.79	-6940.23	13652.66	1399.62	-5238.35	-2572.52
117	571	366	150	117	264	211	-11.17	-27.71	-101.38	-1104.45	-6806.22	13081.42	1465.69	-4959.54	-2359.95
117	571	366	150	118	263	211	-14.33	-27.83	-98.90	-781.83	-6779.50	12653.75	1363.86	-4627.86	-2127.00
116	570	366	150	117	263	213	-18.21	-27.30	-95.69	-401.34	-7036.33	12342.27	1153.11	-4277.02	-1923.60
116	569	366	149	118	262	214	-21.78	-26.23	-92.15	36.53	-7560.11	12149.75	1010.26	-3862.96	-1814.32
116	567	365	148	117	261	215	-25.35	-24.89	-89.51	407.30	-8214.71	12001.46	829.29	-3460.22	-1920.30
115	564	363	147	116	261	217	-29.74	-24.14	-87.00	822.74	-8984.97	11823.59	460.53	-3196.41	-2334.84
115	562	362	147	116	262	218	-34.15	-23.24	-84.88	1237.00	-9741.72	11658.01	17.90	-2881.68	-2991.20
116	562	361	146	116	261	218	-37.25	-22.11	-83.26	1591.75	-10307.64	11534.31	-225.84	-2495.50	-3753.44
116	563	360	147	116	261	218	-38.90	-20.81	-81.93	1860.96	-10435.85	11539.40	-462.05	-2043.23	-4643.86
116	564	359	147	116	260	217	-39.11	-19.26	-80.96	2011.51	-10210.66	11690.83	-803.05	-1601.51	-5574.22
117	564	360	146	116	259	211	-37.72	-17.35	-80.12	2085.74	-9720.53	11986.29	-1112.55	-1160.84	-6397.61
117	565	360	148	117	257	211	-34.78	-15.27	-79.17	2110.25	-8953.30	12398.57	-1293.07	-766.05	-7004.83
117	565	360	148	117	257	208	-31.94	-13.57	-78.34	2066.74	-8062.24	12817.24	-1550.91	-499.94	-7398.49
117	566	360	148	117	257	207	-29.61	-12.47	-77.41	2027.40	-7248.52	13131.98	-1872.02	-375.20	-7628.26
116	566	361	148	117	258	207	-27.02	-11.69	-76.79	1962.43	-6605.50	13284.98	-2008.27	-321.49	-7695.20
117	567	361	149	118	259	209	-23.65	-10.71	-76.27	1870.51	-5954.02	13313.33	-1984.45	-248.71	-7680.79
117	568	362	149	118	260	210	-20.19	-9.72	-75.90	1751.39	-5308.52	13236.66	-1977.83	-213.53	-7502.05
117	568	363	149	118	262	210	-17.42	-8.94	-76.03	1615.02	-4817.90	13013.43	-2021.39	-268.15	-7160.30
116	569	364	149	118	264	211	-14.87	-8.03	-76.13	1525.66	-4492.40	12514.16	-2088.97	-299.34	-6775.73
116	569	365	150	117	267	211	-24.40	-6.76	-76.56	1449.18	-4333.38	11803.25	-2144.47	-96.38	-6396.25
116	570	365	150	117	269	211	-33.10	-4.20	-77.43	1356.52	-4252.91	11022.89	-2120.45	380.79	-6053.63
116	571	366	151	116	270	209	-41.54	0.08	-78.95	1209.90	-4149.07	10280.74	-2077.53	1067.70	-5707.20
115	572	368	150	117	272	207	-45.22	5.70	-81.28	1023.60	-4156.21	9769.91	-2068.85	1965.92	-5334.84
115	572	368	150	117	273	206	-44.74	10.59	-83.75	834.82	-4231.40	9654.61	-1987.91	3001.17	-4980.10
116	572	369	151	116	273	207	-43.16	14.58	-85.42	700.48	-4240.83	9899.08	-1989.26	4018.91	-4568.80
115	570	369	151	117	273	206	-42.33	18.33	-86.60	609.26	-4287.99	10469.53	-2214.85	5061.12	-4051.11
116	570	369	151	117	273	206	-42.62	21.40	-87.70	531.39	-4577.59	11279.85	-2592.26	5960.76	-3518.00
115	569	369	151	117	273	206	-42.39	23.54	-88.52	471.22	-4965.31	12275.26	-2810.09	6631.77	-3117.20
116	569	369	151	118	273	207	-41.81	24.85	-89.28	404.86	-5226.05	13299.84	-2970.49	7092.88	-2809.94
115	569	369	151	118	274	208	-41.45	25.19	-89.92	342.82	-5471.14	14273.20	-3196.61	7282.99	-2612.84
115	569	370	151	118	274	207	-40.36	24.64	-90.44	289.08	-5556.79	15197.89	-3304.53	7227.64	-2489.90
116	570	370	151	119	274	208	-38.36	23.33	-91.75	157.02	-5427.75	16076.35	-3276.46	6906.31	-2329.91
115	570	370	151	118	274	206	-36.00	21.33	-94.25	-71.03	-5102.16	16752.33	-3246.03	6308.59	-2131.81
116	570	370	151	118	273	206	-33.13	19.05	-97.66	-331.28	-4610.25	17112.11	-3205.73	5550.86	-1844.62
116	570	370	152	118	275	203	-29.76	17.13	-103.09	-675.51	-4005.74	17279.31	-3140.84	4775.22	-1398.39
116	571	370	151	119	275	202	-26.42	15.46	-110.82	-1084.94	-3394.65	17308.75	-3108.15	3967.36	-747.02
116	571	370	152	118	274	201	-23.08	13.96	-120.83	-1557.29	-2834.12	17289.11	-3019.30	3115.09	122.38
116	571	370	152	118	274	201	-20.13	12.46	-131.10	-2019.02	-2363.81	17203.85	-2940.98	2208.69	1199.76
116	572	370	152	118	275	201	-18.24	10.87	-138.10	-2396.87	-2116.02	17122.46	-2840.03	1312.25	2444.32
117	572	371	152	117	276	202	-17.73	9.31	-140.21	-2704.63	-2196.42	16977.34	-2617.03	466.24	3836.36
116	572	371	152	118	277	203	-19.24	7.82	-138.18	-2953.60	-2607.20	16702.27	-2413.33	-278.32	5217.34
116	571	371	152	117	277	203	-22.81	6.01	-132.10	-3079.32	-3443.24	16261.76	-2323.56	-878.71	6425.52
116	570	372	152	117	279	205	-26.15	4.67	-124.51	-3094.35	-4652.28	15810.47	-2123.18	-1217.02	7300.05
117	569	372	152	118	278	207	-28.16	3.86	-119.78	-3151.23	-5756.06	15510.94	-1748.72	-1416.47	7746.44
116	568	372	152	117	278	208	-30.22	2.95	-116.28	-3098.87	-6614.46	15183.40	-1458.64	-1614.70	7887.32
117	568	372	152	117	278	207	-31.83	2.30	-113.71	-2977.13	-7205.74	14863.23	-1178.16	-1691.66	7810.21
117	568	373	152	116	278	207	-32.89	2.03	-112.06	-2851.27	-7525.65	14589.66	-967.30	-1669.58	7649.05
116	569	373	152	116	277	207	-33.70	1.64	-110.72	-2703.11	-7693.57	14390.78	-895.83	-1646.55	7443.69
117	568	372	152	116	277	208	-34.80	1.19	-109.44	-2546.95	-7825.89	14276.24	-1007.54	-1626.07	7230.46
117	569	372	152	116	278	207	-36.01	0.72	-108.23	-2417.41	-8017.00	14259.23	-1185.11	-1643.17	6971.59
116	569	373	152	116	278	207	-37.14	0.04	-107.01	-2273.54	-8185.95	14244.27	-1371.66	-1703.21	6621.91