117	572	369	153	116	274	212	-28.50	7.76	-106.07	-2031.03	-7872.24	14637.11	-876.36	2109.80	741.71
118	572	369	153	116	274	211	-28.34	8.04	-106.14	-2050.48	-7903.62	14739.86	-826.89	2103.96	744.02
118	571	369	153	116	273	212	-28.19	8.00	-106.15	-2055.56	-7914.84	14884.06	-813.44	2019.56	744.02
117	571	369	152	116	273	211	-28.57	7.51	-105.53	-1995.18	-8044.30	15080.46	-854.72	1901.88	724.97
118	571	369	152	116	273	211	-28.49	6.90	-104.51	-1893.22	-8267.89	15404.64	-758.79	1781.79	615.07
117	571	369	152	116	272	212	-28.03	6.10	-103.58	-1803.76	-8512.29	15923.20	-632.95	1612.10	400.37
117	571	369	151	116	271	211	-26.92	4.60	-102.98	-1744.97	-8680.68	16523.24	-390.80	1214.79	115.10
118	570	368	152	116	271	210	-25.66	2.42	-102.40	-1659.92	-8724.64	17070.88	-175.96	650.85	-198.21
117	570	368	152	116	271	210	-24.53	-0.09	-101.95	-1578.13	-8697.61	17493.74	-6.76	-20.64	-478.15
118	570	368	151	116	270	209	-23.70	-2.59	-101.63	-1521.02	-8676.33	17759.65	133.58	-733.76	-744.09
118	570	368	151	117	270	208	-22.74	-4.98	-101.60	-1515.37	-8673.71	17863.07	383.50	-1464.92	-999.98
118	570	368	152	117	270	207	-21.51	-7.39	-101.78	-1518.60	-8539.63	17773.91	659.17	-2230.52	-1254.74
118	570	368	152	118	270	206	-21.09	-9.58	-101.85	-1494.07	-8376.64	17493.22	785.91	-2919.25	-1433.65
117	571	367	151	117	270	206	-21.38	-11.09	-101.78	-1491.17	-8411.41	17136.36	1029.37	-3458.19	-1575.42
117	571	368	152	117	269	205	-20.47	-12.01	-101.89	-1484.41	-8294.04	16707.34	1451.85	-3873.73	-1677.70
117	570	367	151	117	269	206	-20.77	-12.93	-101.78	-1433.19	-8135.94	16215.97	1616.11	-4212.74	-1732.81
118	570	367	151	117	268	206	-22.08	-13.78	-101.36	-1350.13	-8040.94	15702.97	1680.75	-4433.85	-1789.17
117	570	368	151	117	268	206	-22.52	-14.55	-100.85	-1251.42	-7934.89	15184.42	1935.32	-4572.36	-1831.01
118	570	368	150	117	268	205	-21.91	-15.99	-100.31	-1115.45	-7626.75	14625.00	2088.90	-4582.04	-1817.81
118	570	368	150	117	268	206	-23.07	-17.11	-99.43	-954.08	-7414.21	14114.35	2007.75	-4526.19	-1755.52
117	570	368	150	117	268	206	-25.23	-17.79	-97.95	-744.97	-7383.70	13619.04	1978.87	-4391.63	-1673.34
117	570	367	150	117	268	206	-27.00	-18.72	-95.97	-467.93	-7316.52	13156.68	1954.77	-4142.20	-1575.73
117	569	367	150	117	267	207	-29.60	-18.71	-93.79	-179.13	-7396.29	12816.65	1693.58	-3817.34	-1412.59
117	568	368	150	117	267	208	-32.45	-18.33	-91.46	126.63	-7775.48	12637.02	1384.21	-3532.07	-1328.61
117	566	369	150	117	266	209	-35.13	-17.95	-89.44	418.50	-8291.30	12531.57	1108.95	-3298.92	-1364.98
117	566	368	150	117	267	211	-38.22	-17.76	-87.34	761.37	-8869.74	12382.59	768.15	-3084.32	-1613.83
117	565	369	149	117	267	210	-41.08	-17.54	-85.43	1102.30	-9274.05	12249.86	371.54	-2802.81	-2052.64
117	566	368	150	118	266	212	-43.56	-17.02	-83.75	1413.99	-9520.55	12171.16	-92.89	-2443.47	-2582.41
117	565	368	150	117	266	210	-44.95	-16.35	-82.41	1662.69	-9628.92	12191.61	-496.14	-2087.64	-3153.09
117	566	368	150	117	266	211	-45.98	-15.50	-81.27	1862.35	-9617.87	12226.83	-910.84	-1699.06	-3769.03
117	566	368	150	118	265	210	-45.94	-13.90	-80.60	1958.64	-9483.18	12396.68	-1265.29	-1244.56	-4405.38
116	566	368	150	117	264	210	-44.83	-11.86	-80.36	1966.70	-9269.62	12681.25	-1472.98	-787.63	-4973.71
117	566	368	151	118	264	210	-42.71	-10.13	-80.12	1938.57	-8878.14	13053.59	-1598.18	-419.45	-5525.83
117	566	368	151	118	263	210	-39.92	-8.70	-79.86	1879.24	-8310.03	13438.91	-1701.02	-150.83	-5961.94
117	566	368	151	118	263	209	-37.06	-7.74	-79.35	1841.48	-7681.13	13731.76	-1833.77	13.92	-6211.94
116	567	368	151	118	262	209	-34.42	-7.19	-78.76	1819.60	-7138.07	13909.58	-1933.13	107.82	-6336.34
117	567	368	151	118	263	207	-31.11	-6.70	-78.16	1788.62	-6607.97	13985.90	-1841.97	179.73	-6341.77
117	567	368	152	119	263	208	-27.80	-6.19	-77.65	1740.59	-6090.17	13923.40	-1748.98	251.59	-6219.79
116	567	368	152	118	263	208	-26.05	-5.31	-77.90	1641.16	-5760.66	13725.63	-1763.88	340.41	-6032.75
116	567	368	151	118	264	210	-24.85	-3.69	-78.79	1494.91	-5521.83	13418.75	-1699.83	456.49	-5803.01
117	567	369	152	119	265	209	-24.88	-1.46	-79.66	1363.56	-5306.34	12907.21	-1699.29	619.27	-5546.56
116	568	369	152	118	267	209	-29.87	1.59	-81.09	1208.58	-5241.82	12260.65	-1726.23	944.45	-5307.23
116	568	369	152	117	269	209	-35.03	4.65	-82.37	1077.75	-5213.53	11554.82	-1515.37	1450.13	-5063.52
115	569	369	152	118	269	207	-39.27	9.94	-83.97	908.67	-5099.45	10938.88	-1324.30	2177.47	-4831.64
116	569	371	152	118	271	205	-39.08	14.06	-85.77	730.23	-5019.68	10643.13	-1280.68	2984.05	-4584.61
116	569	370	152	118	271	207	-37.78	17.50	-87.16	600.32	-5036.10	10769.58	-1208.15	3891.00	-4249.68
116	569	370	152	118	272	208	-36.56	20.39	-88.57	467.90	-5018.09	11288.70	-1284.94	4713.60	-3868.50
116	568	371	152	118	272	209	-36.32	22.39	-89.81	352.71	-5216.59	12184.86	-1518.64	5355.32	-3491.77
115	568	371	152	119	273	210	-35.75	23.31	-89.74	360.27	-5459.16	13184.42	-1649.01	5790.30	-3173.98
115	568	370	152	118	273	211	-34.87	23.46	-89.67	367.66	-5556.20	14163.55	-1759.31	6006.29	-2955.83
115	568	371	152	119	273	211	-34.21	22.74	-89.33	404.48	-5627.39	15040.57	-1918.30	6007.02	-2776.04
115	568	371	152	118	274	211	-32.71	21.73	-89.27	411.65	-5684.62	15825.34	-1842.78	5883.72	-2650.54
116	569	371	152	119	273	210	-30.62	20.53	-90.57	275.87	-5562.99	16444.27	-1683.49	5587.14	-2564.66
115	569	371	152	118	274	209	-28.17	19.08	-92.79	61.08	-5256.44	16791.66	-1549.47	5117.53	-2472.33
116	569	371	152	119	273	208	-25.05	17.64	-95.70	-174.78	-4744.42	16896.68	-1444.44	4582.20	-2275.06
116	569	371	153	118	274	207	-21.67	16.44	-99.89	-447.24	-4144.40	16898.04	-1380.97	4041.19	-1876.06
116	570	371	153	119	273	206	-18.38	15.55	-106.20	-792.88	-3538.18	16874.74	-1328.92	3492.03	-1290.26
116	570	371	153	118	274	205	-15.57	14.70	-115.05	-1187.03	-2919.67	16874.40	-1365.68	2926.73	-467.69
116	571	370	153	118	274	205	-13.18	13.63	-125.32	-1594.48	-2387.68	16866.68	-1413.04	2269.09	568.89
116	570	370	153	118	274	204	-10.99	12.52	-136.32	-2004.76	-1899.50	16836.75	-1463.19	1563.94	1792.45
117	571	371	153	118	274	205	-9.57	11.45	-146.46	-2431.72	-1500.33	16782.51	-1599.03	836.24	3243.67
117	571	371	153	118	275	206	-10.76	10.95	-151.28	-2939.53	-1460.91	16648.99	-1931.73	84.33	4719.84
117	571	371	153	118	275	205	-15.17	9.69	-147.11	-3430.36	-2100.46	16372.74	-2224.64	-708.89	6122.20
117	571	372	153	118	276	207	-19.95	8.16	-138.93	-3736.64	-3213.04	15973.30	-2347.71	-1285.14	7405.34
117	570	372	153	117	276	208	-24.31	6.43	-130.31	-3883.41	-4636.79	15546.23	-2337.98	-1740.19	8184.37
117	569	373	153	117	277	208	-27.83	4.90	-123.11	-3806.44	-6013.55	15110.32	-2157.58	-2018.08	8491.00
117	569	373	153	117	277	209	-30.57	3.79	-118.11	-3622.71	-7071.07	14673.21	-1885.65	-2144.27	8452.50
117	569	374	153	117	276	211	-32.63	3.13	-114.87	-3415.98	-7753.32	14338.15	-1625.12	-2119.46	8188.48
117	570	373	153	116	276	211	-34.05	2.49	-112.70	-3199.38	-8113.05	14079.04	-1435.66	-2076.29	7813.00
117	569	373	153	116	276	211	-35.35	1.96	-111.22	-3011.41	-8278.60	13859.29	-1426.73	-2028.62	7400.65
117	570	373	153	116	276	211	-36.77	1.65	-109.95	-2849.64	-8433.87	13689.12	-1505.59	-1961.09	6968.07