110	571	369	148	114	271	207	-26.15	5.15	-102.58	-1263.41	-6819.12	13973.12	-230.71	961.40	278.36
109	572	369	148	114	271	207	-26.09	5.22	-102.62	-1265.44	-6806.97	14005.26	-239.78	968.63	280.49
109	571	369	148	114	271	206	-26.22	5.29	-102.50	-1252.17	-6819.62	14089.80	-299.74	975.75	281.46
110	571	368	148	114	271	207	-26.56	5.13	-102.02	-1205.16	-6890.24	14318.11	-419.75	972.46	290.84
109	570	369	148	114	270	207	-27.43	4.85	-100.95	-1130.70	-7230.73	14810.20	-580.87	956.69	253.25
110	569	369	147	114	269	208	-28.11	3.92	-99.54	-1023.56	-7735.59	15567.29	-693.07	784.05	22.34
110	568	369	147	114	269	207	-27.50	2.08	-98.23	-889.59	-8122.01	16414.53	-554.22	371.90	-349.48
110	569	369	148	114	268	207	-26.29	-0.65	-96.97	-715.91	-8234.91	17117.80	-360.36	-271.50	-750.26
109	569	369	148	115	268	207	-25.69	-3.78	-95.91	-561.31	-8302.76	17605.31	-297.29	-1032.27	-1139.59
110	569	368	149	114	268	206	-25.30	-6.87	-95.23	-465.25	-8391.23	17887.25	-229.52	-1822.06	-1542.36
109	569	368	148	115	268	206	-24.66	-9.75	-94.90	-416.58	-8398.46	17907.08	-50.30	-2606.30	-1926.70
110	570	368	148	114	268	208	-23.93	-12.35	-94.71	-375.95	-8265.34	17671.93	126.67	-3336.94	-2266.36
110	570	368	147	114	268	208	-23.34	-14.52	-94.58	-332.16	-7978.67	17177.13	170.58	-3927.74	-2506.94
110	570	367	147	114	267	209	-23.31	-15.79	-94.62	-312.95	-7659.14	16513.88	132.45	-4339.91	-2605.00
109	571	367	147	114	265	209	-28.65	-16.54	-94.67	-297.30	-7388.98	15689.38	116.78	-4596.51	-2616.70
110	572	367	147	114	266	208	-33.60	-16.26	-94.68	-289.84	-7268.93	14828.51	253.89	-4631.53	-2561.51
109	572	368	147	114	266	208	-35.76	-15.39	-94.70	-288.54	-7227.29	14093.89	687.60	-4519.41	-2490.84
108	572	368	147	114	266	208	-36.50	-15.01	-94.33	-232.72	-7118.32	13509.59	1011.62	-4324.49	-2421.04
109	572	368	148	114	266	209	-37.33	-15.09	-93.13	-75.08	-7118.01	13106.51	1035.99	-4068.46	-2379.04
109	571	368	147	114	266	208	-37.68	-15.30	-91.12	185.67	-7236.71	12884.19	1083.54	-3782.94	-2366.79
109	571	368	147	114	265	209	-37.61	-15.58	-88.51	535.59	-7367.47	12787.38	1112.86	-3493.04	-2355.75
109	570	368	147	114	264	210	-38.57	-16.19	-85.90	899.21	-7554.90	12782.41	865.72	-3309.14	-2387.11
109	570	368	146	114	265	209	-40.91	-16.90	-83.55	1275.65	-7990.35	12739.49	476.48	-3213.38	-2494.51
109	570	368	147	114	265	210	-43.25	-17.62	-81.47	1681.47	-8652.23	12493.51	361.01	-3145.01	-2757.83
109	570	368	146	114	266	210	-44.81	-17.87	-79.64	2060.99	-9106.42	12181.84	442.51	-2897.31	-3245.04
109	570	368	147	114	266	209	-46.02	-17.66	-78.57	2280.14	-9291.50	11988.35	321.68	-2597.75	-3830.39
109	570	368	147	115	265	209	-46.48	-17.29	-77.59	2503.34	-9523.53	11937.73	288.40	-2310.76	-4498.12
109	570	368	147	114	265	208	-44.73	-16.76	-76.66	2653.17	-9443.95	11953.24	474.63	-1999.82	-5209.16
110	570	368	147	115	265	205	-42.60	-16.03	-75.66	2743.91	-9088.95	12079.38	359.55	-1699.08	-5928.35
109	571	367	147	114	264	205	-40.34	-14.96	-74.67	2784.92	-8604.50	12368.21	110.22	-1416.53	-6551.34
110	571	368	147	114	263	203	-37.52	-14.04	-73.62	2783.47	-7999.48	12672.20	-103.49	-1216.50	-7036.92
110	570	367	146	114	263	202	-34.05	-13.19	-72.27	2763.10	-7265.50	12964.59	-252.67	-1060.53	-7398.92
109	571	367	148	115	262	202	-30.37	-12.21	-70.88	2673.34	-6415.63	13209.56	-446.63	-948.20	-7560.53
110	571	367	148	115	262	204	-26.96	-11.52	-69.44	2567.67	-5621.45	13351.48	-650.75	-906.74	-7531.45
109	571	368	147	114	263	204	-23.85	-10.78	-68.60	2431.69	-5018.58	13314.51	-797.81	-902.85	-7367.23
109	571	368	148	115	264	204	-20.57	-9.45	-68.64	2238.71	-4536.25	13086.38	-850.37	-858.26	-7108.07
109	572	368	148	115	265	205	-18.13	-6.70	-69.67	2027.37	-4238.63	12618.66	-929.91	-749.30	-6797.21
110	572	368	148	115	267	204	-23.93	-2.54	-71.21	1848.40	-4117.50	11980.13	-1001.36	-479.93	-6523.30
109	572	369	148	115	268	204	-30.73	1.44	-72.71	1692.38	-4030.63	11321.32	-1013.89	71.91	-6311.19
109	572	369	148	114	269	203	-39.35	7.01	-74.55	1498.36	-3880.70	10669.46	-1010.45	780.72	-6047.18
109	572	369	148	114	269	198	-45.25	12.14	-76.94	1304.44	-3850.66	10059.58	-1171.42	1648.58	-5754.22
109	572	369	148	114	270	198	-45.94	17.60	-79.67	1095.42	-3844.73	9742.80	-1301.95	2722.10	-5463.56
109	572	369	148	115	270	197	-45.07	22.30	-82.70	862.85	-3789.49	9776.86	-1592.91	3847.80	-5078.28
109	571	369	148	114	271	197	-44.67	25.91	-85.60	658.11	-3882.22	10254.82	-1953.41	4914.21	-4595.52
109	571	370	148	114	270	198	-44.16	28.70	-87.75	507.80	-4072.91	11213.08	-2287.69	5843.70	-4119.19
110	570	370	148	115	270	199	-43.73	30.31	-89.11	405.41	-4240.26	12290.77	-2647.06	6484.66	-3703.78
110	570	370	148	115	270	198	-43.18	30.36	-89.65	363.14	-4372.05	13314.58	-2977.75	6776.93	-3367.44
110	570	370	148	115	270	198	-41.92	29.50	-90.05	330.59	-4437.04	14287.20	-3136.32	6788.73	-3079.97
109	570	370	149	115	270	197	-39.99	28.08	-91.14	240.66	-4327.59	15211.19	-3185.10	6579.30	-2790.87
110	570	370	149	115	270	198	-37.81	26.13	-93.37	70.82	-4141.81	16088.98	-3179.69	6159.63	-2508.18
110	571	370	148	115	270	199	-34.87	23.97	-96.78	-165.72	-3857.12	16682.74	-3013.81	5582.10	-2200.27
109	572	369	149	116	270	200	-31.19	21.91	-101.91	-455.43	-3401.67	16957.20	-2787.47	4924.90	-1785.36
109	572	370	149	115	271	200	-27.70	20.26	-108.88	-781.46	-2925.38	16986.54	-2659.45	4262.15	-1194.89
110	572	370	149	115	272	200	-25.01	19.28	-117.05	-1137.59	-2547.51	16835.01	-2654.37	3631.89	-472.59
110	572	370	148	115	271	200	-22.24	18.77	-125.93	-1511.71	-2211.74	16581.66	-2612.65	3028.25	359.84
110	572	369	149	115	271	202	-19.46	18.56	-134.69	-1871.32	-1895.15	16330.17	-2534.17	2515.94	1305.00
110	572	370	149	114	272	200	-17.28	18.59	-142.40	-2239.96	-1647.99	16080.67	-2471.41	2033.24	2410.40
110	572	370	149	115	272	200	-16.36	18.70	-147.44	-2622.16	-1554.19	15902.63	-2430.74	1594.48	3631.83
110	572	370	149	115	272	202	-16.75	18.84	-149.06	-3010.25	-1671.28	15752.70	-2389.01	1196.95	4955.13
109	572	370	149	115	272	203	-19.60	18.41	-145.89	-3359.34	-2167.92	15523.67	-2455.70	788.36	6307.83
110	571	371	149	114	274	205	-23.77	17.57	-137.98	-3622.57	-3231.12	15198.88	-2525.57	511.89	7452.39
110	569	372	149	114	274	205	-28.30	16.50	-128.93	-3723.64	-4688.97	14810.14	-2613.19	359.19	8095.07
110	568	372	149	114	274	206	-31.57	15.69	-122.15	-3705.86	-6092.92	14553.43	-2518.43	334.43	8117.26
110	568	373	149	114	274	207	-32.67	14.96	-117.84	-3595.17	-7105.87	14436.16	-2086.66	352.51	7690.75