115	570	369	153	115	271	210	-26.98	10.37	-108.79	-2270.66	-7317.19	13564.56	1878.27	2900.88	-122.23
115	570	370	154	116	271	209	-26.36	10.74	-109.16	-2311.53	-7275.53	13625.53	1948.16	2909.34	-59.86
115	570	370	153	116	271	209	-25.49	10.93	-109.23	-2317.55	-7266.16	13771.05	2025.85	2879.62	57.88
115	569	370	153	115	272	209	-24.81	10.80	-108.89	-2265.87	-7260.65	14067.30	2007.06	2840.04	169.23
115	569	370	152	116	271	209	-24.28	10.21	-108.32	-2208.18	-7343.82	14597.73	1961.80	2709.09	258.32
114	568	369	152	115	270	210	-24.34	8.95	-107.31	-2143.77	-7611.42	15274.45	1850.71	2398.43	275.21
115	568	369	152	115	270	211	-24.49	6.92	-105.95	-2044.98	-7986.45	15942.92	1782.73	1888.81	126.80
115	568	370	152	116	269	211	-24.58	4.49	-104.83	-1944.73	-8270.93	16531.98	1707.79	1260.62	-154.34
115	568	369	152	116	269	211	-24.76	1.70	-103.71	-1822.70	-8503.58	16989.78	1621.25	544.44	-504.23
115	567	369	152	116	268	209	-24.76	-1.01	-102.69	-1699.76	-8694.20	17283.89	1598.14	-167.88	-855.56
115	567	368	152	117	267	209	-24.60	-3.64	-102.31	-1683.57	-8903.70	17534.50	1667.53	-935.19	-1266.94
116	568	368	152	117	265	209	-24.37	-6.47	-102.10	-1670.40	-9007.71	17618.77	1742.96	-1780.83	-1718.04
116	568	367	152	117	264	210	-25.01	-9.10	-102.05	-1670.08	-9052.33	17525.83	1690.86	-2571.89	-2148.49
116	568	367	152	117	262	208	-25.43	-11.04	-102.07	-1697.97	-9160.51	17310.14	1778.06	-3258.69	-2624.86
117	569	366	151	117	260	207	-24.41	-12.48	-102.32	-1705.47	-9001.48	16902.63	2096.01	-3848.51	-3022.97
116	569	365	151	117	258	205	-21.84	-13.15	-102.83	-1701.20	-8602.21	16339.10	2401.76	-4345.13	-3288.17
116	568	365	150	117	258	204	-15.61	-14.77	-103.07	-1609.94	-8031.90	15608.34	2441.17	-4752.83	-3434.86
117	568	365	150	117	257	204	-6.08	-18.71	-102.62	-1431.04	-7545.30	14778.53	2291.36	-4975.89	-3460.97
116	568	365	150	117	258	204	-17.76	-23.39	-101.71	-1222.89	-7170.64	14001.40	2235.20	-4935.94	-3322.17
116	568	365	148	116	256	204	-21.73	-24.58	-100.50	-1022.55	-6977.71	13346.53	2127.69	-4711.54	-3076.61
116	568	366	149	116	256	204	-25.60	-23.87	-98.95	-841.62	-7128.02	12854.00	1904.95	-4489.77	-2929.18
116	567	367	149	116	257	205	-29.17	-23.60	-96.51	-555.54	-7447.82	12460.10	1685.10	-4283.03	-2861.42
116	566	367	149	116	258	207	-32.68	-22.89	-93.81	-221.96	-7981.43	12151.30	1444.40	-3987.78	-2885.15
116	564	367	149	116	258	208	-35.65	-21.71	-91.66	72.74	-8657.96	11963.93	1248.28	-3644.79	-3079.69
116	565	367	149	116	258	208	-38.65	-21.21	-89.33	446.90	-9220.66	11752.14	1015.87	-3369.60	-3528.86
116	565	368	150	116	258	205	-41.41	-20.97	-86.77	894.16	-9600.22	11558.53	714.62	-3030.32	-4122.97
116	565	367	149	116	258	206	-43.35	-20.61	-84.35	1332.05	-9744.01	11465.60	358.74	-2583.60	-4835.52
116	565	367	149	116	257	206	-43.55	-19.60	-82.48	1650.65	-9635.61	11573.72	1.25	-2079.82	-5563.39
116	566	367	149	116	256	204	-42.20	-18.31	-80.98	1854.71	-9246.03	11849.84	-346.66	-1644.78	-6219.17
116	565	367	150	115	253	204	-40.53	-16.33	-80.02	1922.38	-8697.13	12315.14	-743.48	-1215.19	-6701.96
116	565	367	150	117	251	204	-38.85	-14.80	-79.29	1923.06	-8066.07	12839.59	-1196.95	-962.23	-7001.32
116	565	367	150	117	252	203	-37.89	-14.16	-78.44	1955.51	-7596.37	13178.01	-1679.25	-883.37	-7213.75
116	566	368	151	117	253	200	-36.20	-13.79	-77.38	2019.13	-7195.75	13332.51	-1879.34	-796.65	-7392.06
116	566	367	151	117	253	202	-32.78	-13.11	-76.13	2051.57	-6620.96	13411.28	-1853.22	-652.12	-7481.21
116	567	367	151	118	253	202	-29.04	-12.03	-75.40	1978.79	-5977.12	13402.12	-1864.41	-516.11	-7425.20
116	567	367	151	118	255	204	-26.17	-11.19	-74.98	1895.85	-5485.06	13216.41	-1934.69	-450.96	-7224.94
116	567	368	151	117	257	204	-23.56	-10.39	-74.44	1861.66	-5150.61	12894.79	-1826.31	-332.41	-6908.84
116	567	369	152	117	259	204	-19.58	-9.17	-74.20	1779.38	-4775.08	12453.45	-1664.49	-146.49	-6555.10
115	568	368	152	117	260	204	-15.07	-7.03	-74.30	1661.21	-4388.92	11964.38	-1637.82	106.09	-6164.59
116	568	370	152	117	263	204	-14.13	-1.97	-75.20	1523.75	-4165.28	11417.36	-1676.88	453.58	-5698.61
116	569	371	152	116	266	203	-19.31	0.99	-76.32	1418.16	-4119.01	10860.69	-1651.78	1003.00	-5265.78
116	569	371	152	117	268	203	-20.83	5.09	-77.50	1304.65	-4045.26	10475.26	-1589.29	1861.55	-4789.20
116	569	371	152	116	268	202	-21.63	9.66	-80.03	1104.62	-4048.20	10390.09	-1647.18	2808.57	-4289.04
116	569	372	153	117	269	203	-22.93	13.29	-82.66	934.59	-4320.19	10623.79	-1727.97	3685.40	-3832.63
116	569	372	152	116	270	201	-23.24	16.46	-84.17	828.66	-4505.78	11071.60	-1744.57	4566.73	-3407.35
115	568	371	152	116	270	202	-24.03	18.96	-85.08	761.43	-4631.49	11691.82	-1974.99	5314.79	-2898.53
116	568	372	152	117	271	201	-25.79	20.49	-85.27	774.96	-4985.12	12414.23	-2352.74	5870.25	-2413.01
115	569	372	153	117	270	202	-26.79	21.79	-85.84	753.81	-5429.86	13250.92	-2523.21	6331.99	-1994.41
116	568	373	153	116	270	202	-27.04	22.46	-86.78	675.52	-5729.37	14158.37	-2600.70	6593.59	-1738.84
115	568	372	153	118	271	202	-26.82	22.36	-87.45	608.14	-5817.10	15021.45	-2681.61	6634.86	-1589.39
116	568	372	153	117	270	202	-25.92	21.85	-89.44	393.34	-5743.44	15819.18	-2663.03	6471.86	-1461.53
116	569	372	153	118	270	202	-24.07	20.68	-92.27	103.67	-5462.07	16403.62	-2528.98	6046.92	-1339.60
116	569	372	153	118	271	203	-21.47	19.14	-95.62	-183.72	-4908.77	16711.64	-2417.28	5454.43	-1100.62
116	569	372	153	118	271	202	-19.03	17.67	-99.89	-480.33	-4330.53	16830.06	-2407.42	4822.60	-637.94
116	570	372	153	118	271	202	-16.79	16.53	-105.79	-848.31	-3843.80	16895.55	-2360.00	4180.17	40.46
116	570	373	153	118	271	201	-15.02	15.41	-113.03	-1261.90	-3416.21	16923.97	-2354.45	3463.71	865.44
116	570	372	153	118	272	202	-13.70	14.13	-120.19	-1662.40	-3096.00	16902.17	-2348.32	2680.28	1867.56
116	570	372	153	117	272	203	-13.15	13.13	-126.37	-2050.08	-2903.80	16811.87	-2392.76	1947.37	3011.79
116	570	373	153	117	273	203	-13.67	12.25	-131.05	-2480.98	-2898.41	16704.07	-2435.62	1208.10	4205.85
116	570	373	153	117	273	203	-15.35	11.10	-132.88	-2822.33	-3064.89	16466.07	-2480.04	427.44	5414.50
116	570	373	153	117	275	204	-18.28	10.05	-131.45	-3091.01	-3544.85	16141.76	-2454.84	-182.08	6590.28
116	570	374	153	117	276	206	-21.54	8.97	-127.69	-3316.06	-4389.80	15816.08	-2332.64	-617.98	7586.12
116	569	374	154	117	276	206	-25.08	7.62	-122.09	-3382.26	-5592.11	15418.87	-2172.91	-948.03	8180.31
116	568	375	153	117	276	207	-27.54	6.75	-117.07	-3309.15	-6794.91	15092.13	-1811.37	-1055.38	8311.64
116	568	375	153	117	276	207	-28.91	6.17	-114.10	-3222.29	-7614.56	14896.92	-1401.15	-1096.11	8121.66
116	568	374	153	116	276	207	-29.90	5.34	-112.29	-3088.97	-8015.03	14746.68	-1147.59	-1182.80	7788.98
116	569	375	154	116	276	208	-30.98	4.40	-110.93	-2939.13	-8222.88	14604.94	-1083.61	-1280.51	7466.13